0||机场东|Airport East|1|2|0|334|-1|-1|-1|-1|-1|-1|-1|-1|-1|1
1||后瑞|Hourui|0|1|0|-1|-1|-1|-1|-1|-1|-1|-1|-1|-1|1
2||固戍|Gushu|0|1|0|-1|-1|-1|-1|-1|-1|-1|-1|-1|-1|1
3||西乡|Xixiang|0|1|0|-1|-1|-1|-1|-1|-1|-1|-1|-1|-1|1
4||坪洲|Pingzhou|0|1|0|-1|-1|-1|-1|-1|-1|-1|-1|-1|-1|1
5||宝体|Bao'an Stadium|0|1|0|-1|-1|-1|-1|-1|-1|-1|-1|-1|-1|1
6||宝安中心|Bao'an Center|1|2|0|143|-1|-1|-1|-1|-1|-1|-1|-1|-1|1
7||新安|Xin'an|0|1|0|-1|-1|-1|-1|-1|-1|-1|-1|-1|-1|1
8||前海湾|Qianhaiwan|1|3|0|140|301|-1|-1|-1|-1|-1|-1|-1|-1|1
9||鲤鱼门|Liyumen|0|1|0|-1|-1|-1|-1|-1|-1|-1|-1|-1|-1|1
10||大新|Daxin|0|1|0|-1|-1|-1|-1|-1|-1|-1|-1|-1|-1|1
11||桃园|Taoyuan|1|2|0|319|-1|-1|-1|-1|-1|-1|-1|-1|-1|1
12||深大|Shenzhen University|1|2|0|357|-1|-1|-1|-1|-1|-1|-1|-1|-1|1
13||高新园|Hi-Tech Park|0|1|0|-1|-1|-1|-1|-1|-1|-1|-1|-1|-1|1
14||白石洲|Baishizhou|0|1|0|-1|-1|-1|-1|-1|-1|-1|-1|-1|-1|1
15||世界之窗|Window of the World|1|2|0|41|-1|-1|-1|-1|-1|-1|-1|-1|-1|1
16||华侨城|OCT|0|1|0|-1|-1|-1|-1|-1|-1|-1|-1|-1|-1|1
17||侨城东|Qiaocheng East|0|1|0|-1|-1|-1|-1|-1|-1|-1|-1|-1|-1|1
18||竹子林|Zhuzilin|0|1|0|-1|-1|-1|-1|-1|-1|-1|-1|-1|-1|1
19||车公庙|Chegongmiao|1|4|0|215|247|305|-1|-1|-1|-1|-1|-1|-1|1
20||香蜜湖|Xiangmihu|0|1|0|-1|-1|-1|-1|-1|-1|-1|-1|-1|-1|1
21||购物公园|Shopping Park|1|2|0|76|-1|-1|-1|-1|-1|-1|-1|-1|-1|1
22||会展中心|Convention & Exhibition Center|1|2|0|112|-1|-1|-1|-1|-1|-1|-1|-1|-1|1
23||岗厦|Gangxia|1|2|0|267|-1|-1|-1|-1|-1|-1|-1|-1|-1|1
24||华强路|Huaqiang Rd|0|1|0|-1|-1|-1|-1|-1|-1|-1|-1|-1|-1|1
25||科学馆|Science Museum|1|2|0|169|-1|-1|-1|-1|-1|-1|-1|-1|-1|1
26||大剧院|Grand Theater|1|5|0|54|168|-1|-1|-1|259|309|-1|-1|-1|1
27||老街|Laojie|1|3|0|83|-1|-1|-1|-1|168|-1|-1|-1|-1|1
28||国贸|Guomao|0|1|0|-1|-1|-1|-1|-1|-1|-1|-1|-1|-1|1
29||罗湖|Luohu|0|1|0|-1|-1|-1|-1|-1|-1|-1|-1|-1|-1|1
30||赤湾|Chiwan|1|2|1|133|-1|-1|-1|-1|-1|-1|-1|-1|-1|1
31||蛇口港|Shekou Port|0|1|1|-1|-1|-1|-1|-1|-1|-1|-1|-1|-1|1
32||海上世界|Sea World|1|2|1|312|-1|-1|-1|-1|-1|-1|-1|-1|-1|1
33||东角头|Dongjiaotou|1|2|1|349|-1|-1|-1|-1|-1|-1|-1|-1|-1|1
34||水湾|Shuiwan|0|1|1|-1|-1|-1|-1|-1|-1|-1|-1|-1|-1|1
35||湾厦|Wanxia|0|1|1|-1|-1|-1|-1|-1|-1|-1|-1|-1|-1|1
36||海月|Haiyue|0|1|1|-1|-1|-1|-1|-1|-1|-1|-1|-1|-1|1
37||登良|Dengliang|0|1|1|-1|-1|-1|-1|-1|-1|-1|-1|-1|-1|1
38||后海|Houhai|1|3|1|303|354|-1|-1|-1|-1|-1|-1|-1|-1|1
39||科苑|Keyuan|1|2|1|355|-1|-1|-1|-1|-1|-1|-1|-1|-1|1
40||红树湾|Hongshuwan|0|1|1|-1|-1|-1|-1|-1|-1|-1|-1|-1|-1|1
41||世界之窗|Window of the World|1|2|1|15|-1|-1|-1|-1|-1|-1|-1|-1|-1|1
42||侨城北|Qiaocheng North|0|1|1|-1|-1|-1|-1|-1|-1|-1|-1|-1|-1|1
43||深康|Shenkang|0|1|1|-1|-1|-1|-1|-1|-1|-1|-1|-1|-1|1
44||安托山|Antuo Hill|1|2|1|213|-1|-1|-1|-1|-1|-1|-1|-1|-1|1
45||侨香|Qiaoxiang|0|1|1|-1|-1|-1|-1|-1|-1|-1|-1|-1|-1|1
46||香蜜|Xiangmi|0|1|1|-1|-1|-1|-1|-1|-1|-1|-1|-1|-1|1
47||香梅北|Xiangmei North|0|1|1|-1|-1|-1|-1|-1|-1|-1|-1|-1|-1|1
48||景田|Jingtian|1|2|1|249|-1|-1|-1|-1|-1|-1|-1|-1|-1|1
49||莲花西|Lianhua West|0|1|1|-1|-1|-1|-1|-1|-1|-1|-1|-1|-1|1
50||福田|Futian|1|3|1|77|306|-1|-1|-1|-1|-1|-1|-1|-1|1
51||市民中心|Civic Center|1|2|1|113|-1|-1|-1|-1|-1|-1|-1|-1|-1|1
52||岗厦北|Gangxia North|1|4|1|268|307|379|-1|-1|-1|-1|-1|-1|-1|1
53||华强北|Huaqiang North|1|2|1|224|-1|-1|-1|-1|-1|-1|-1|-1|-1|1
54||燕南|Yannan|0|1|1|-1|-1|-1|-1|-1|-1|-1|-1|-1|-1|1
55||大剧院|Grand Theater|1|5|1|26|169|-1|-1|-1|260|310|-1|-1|-1|1
56||湖贝|Hubei|1|2|1|-1|-1|-1|-1|-1|167|-1|-1|-1|-1|1
57||黄贝岭|Huangbeiling|1|2|1|166|-1|-1|-1|-1|-1|-1|-1|-1|-1|1
58||新秀|Xinxiu|0|1|1|-1|-1|-1|-1|-1|-1|-1|-1|-1|-1|1
59||莲塘口岸|Liantang Checkpoint|0|1|1|-1|-1|-1|-1|-1|-1|-1|-1|-1|-1|1
60||仙湖路|Xianhu Rd|0|1|1|-1|-1|-1|-1|-1|-1|-1|-1|-1|-1|1
61||莲塘|Liantang|0|1|1|-1|-1|-1|-1|-1|-1|-1|-1|-1|-1|1
62||梧桐山南|Wutong Mountain South|0|1|1|-1|-1|-1|-1|-1|-1|-1|-1|-1|-1|1
63||沙头角|Shatoujiao|0|1|1|-1|-1|-1|-1|-1|-1|-1|-1|-1|-1|1
64||海山|Haishan|0|1|1|-1|-1|-1|-1|-1|-1|-1|-1|-1|-1|1
65||盐田港西|Yantian Port West|0|1|1|-1|-1|-1|-1|-1|-1|-1|-1|-1|-1|1
66||深外高中|Shenwai Senior Campus|0|1|1|-1|-1|-1|-1|-1|-1|-1|-1|-1|-1|1
67||盐田路|Yantian Rd|0|1|1|-1|-1|-1|-1|-1|-1|-1|-1|-1|-1|1
68||鸿安围|Honganwei|0|1|1|-1|-1|-1|-1|-1|-1|-1|-1|-1|-1|1
69||盐田墟|Yantianxu|0|1|1|-1|-1|-1|-1|-1|-1|-1|-1|-1|-1|1
70||大梅沙|Dameisha|0|1|1|-1|-1|-1|-1|-1|-1|-1|-1|-1|-1|1
71||小梅沙|Xiaomeisha|0|1|1|-1|-1|-1|-1|-1|-1|-1|-1|-1|-1|1
72||溪涌|Xichong|0|1|1|-1|-1|-1|-1|-1|-1|-1|-1|-1|-1|0
73||福保|Futian Bonded Area|0|1|2|-1|-1|-1|-1|-1|-1|-1|-1|-1|-1|1
74||益田|Yitian|0|1|2|-1|-1|-1|-1|-1|-1|-1|-1|-1|-1|1
75||石厦|Shixia|1|2|2|218|-1|-1|-1|-1|-1|-1|-1|-1|-1|1
76||购物公园|Shopping Park|1|2|2|21|-1|-1|-1|-1|-1|-1|-1|-1|-1|1
77||福田|Futian|1|3|2|50|306|-1|-1|-1|-1|-1|-1|-1|-1|1
78||少年宫|Children's Palace|1|2|2|114|-1|-1|-1|-1|-1|-1|-1|-1|-1|1
79||莲花村|Lianhuacun|1|2|2|269|-1|-1|-1|-1|-1|-1|-1|-1|-1|1
80||华新|Huaxin|1|2|2|225|-1|-1|-1|-1|-1|-1|-1|-1|-1|1
81||通新岭|Tongxinling|1|2|2|171|-1|-1|-1|-1|-1|-1|-1|-1|-1|1
82||红岭|Hongling|1|2|2|259|-1|-1|-1|-1|-1|-1|-1|-1|-1|1
83||老街|Laojie|1|3|2|27|-1|-1|-1|-1|168|-1|-1|-1|-1|1
84||晒布|Shaibu|0|1|2|-1|-1|-1|-1|-1|-1|-1|-1|-1|-1|1
85||翠竹|Cuizhu|0|1|2|-1|-1|-1|-1|-1|-1|-1|-1|-1|-1|1
86||田贝|Tianbei|1|2|2|231|-1|-1|-1|-1|-1|-1|-1|-1|-1|1
87||水贝|Shuibei|0|1|2|-1|-1|-1|-1|-1|-1|-1|-1|-1|-1|1
88||草埔|Caopu|0|1|2|-1|-1|-1|-1|-1|-1|-1|-1|-1|-1|1
89||布吉|Buji|1|3|2|161|382|-1|-1|-1|-1|-1|-1|-1|-1|1
90||木棉湾|Mumianwan|0|1|2|-1|-1|-1|-1|-1|-1|-1|-1|-1|-1|1
91||大芬|Dafen|0|1|2|-1|-1|-1|-1|-1|-1|-1|-1|-1|-1|1
92||丹竹头|Danzhutou|0|1|2|-1|-1|-1|-1|-1|-1|-1|-1|-1|-1|1
93||六约|Liuyue|0|1|2|-1|-1|-1|-1|-1|-1|-1|-1|-1|-1|1
94||塘坑|Tangkeng|0|1|2|-1|-1|-1|-1|-1|-1|-1|-1|-1|-1|1
95||横岗|Henggang|0|1|2|-1|-1|-1|-1|-1|-1|-1|-1|-1|-1|1
96||永湖|Yonghu|0|1|2|-1|-1|-1|-1|-1|-1|-1|-1|-1|-1|1
97||大运|Universiade|1|3|2|387|405|-1|-1|-1|-1|-1|-1|-1|-1|1
98||爱联|Ailian|0|1|2|-1|-1|-1|-1|-1|-1|-1|-1|-1|-1|1
99||吉祥|Jixiang|0|1|2|-1|-1|-1|-1|-1|-1|-1|-1|-1|-1|1
100||龙城广场|Longcheng Square|0|1|2|-1|-1|-1|-1|-1|-1|-1|-1|-1|-1|1
101||南联|Nanlian|0|1|2|-1|-1|-1|-1|-1|-1|-1|-1|-1|-1|1
102||双龙|Shuanglong|1|2|2|414|-1|-1|-1|-1|-1|-1|-1|-1|-1|1
103||梨园|Liyuan|0|1|2|-1|-1|-1|-1|-1|-1|-1|-1|-1|-1|1
104||新生|Xinsheng|0|1|2|-1|-1|-1|-1|-1|-1|-1|-1|-1|-1|1
105||坪西|Pingxi|0|1|2|-1|-1|-1|-1|-1|-1|-1|-1|-1|-1|1
106||低碳城|Low Carbon City|0|1|2|-1|-1|-1|-1|-1|-1|-1|-1|-1|-1|1
107||白石塘|Baishitang|0|1|2|-1|-1|-1|-1|-1|-1|-1|-1|-1|-1|1
108||富坪|Fuping|0|1|2|-1|-1|-1|-1|-1|-1|-1|-1|-1|-1|1
109||坪地六联|Pingdi Liulian|0|1|2|-1|-1|-1|-1|-1|-1|-1|-1|-1|-1|1
110||福田口岸|Futian Checkpoint|1|2|3|-1|-1|-1|-1|-1|265|-1|-1|-1|-1|1
111||福民|Fumin|1|3|3|220|266|-1|-1|-1|-1|-1|-1|-1|-1|1
112||会展中心|Convention & Exhibition Center|1|2|3|22|-1|-1|-1|-1|-1|-1|-1|-1|-1|1
113||市民中心|Civic Center|1|2|3|51|-1|-1|-1|-1|-1|-1|-1|-1|-1|1
114||少年宫|Children's Palace|1|2|3|78|-1|-1|-1|-1|-1|-1|-1|-1|-1|1
115||莲花北|Lianhua North|0|1|3|-1|-1|-1|-1|-1|-1|-1|-1|-1|-1|1
116||上梅林|Shangmeilin|1|2|3|253|-1|-1|-1|-1|-1|-1|-1|-1|-1|1
117||民乐|Minle|0|1|3|-1|-1|-1|-1|-1|-1|-1|-1|-1|-1|1
118||白石龙|Baishilong|0|1|3|-1|-1|-1|-1|-1|-1|-1|-1|-1|-1|1
119||深圳北站|Shenzhen North Station|1|3|3|153|177|-1|-1|-1|-1|-1|-1|-1|-1|1
120||红山|Hongshan|1|2|3|178|-1|-1|-1|-1|-1|-1|-1|-1|-1|1
121||上塘|Shangtang|0|1|3|-1|-1|-1|-1|-1|-1|-1|-1|-1|-1|1
122||龙胜|Longsheng|0|1|3|-1|-1|-1|-1|-1|-1|-1|-1|-1|-1|1
123||龙华|Longhua|0|1|3|-1|-1|-1|-1|-1|-1|-1|-1|-1|-1|1
124||清湖|Qinghu|0|1|3|-1|-1|-1|-1|-1|-1|-1|-1|-1|-1|1
125||清湖北|Qinghu North|0|1|3|-1|-1|-1|-1|-1|-1|-1|-1|-1|-1|1
126||竹村|Zhucun|0|1|3|-1|-1|-1|-1|-1|-1|-1|-1|-1|-1|1
127||茜坑|Xikeng|0|1|3|-1|-1|-1|-1|-1|-1|-1|-1|-1|-1|1
128||长湖|Changhu|0|1|3|-1|-1|-1|-1|-1|-1|-1|-1|-1|-1|1
129||观澜|Guanlan|0|1|3|-1|-1|-1|-1|-1|-1|-1|-1|-1|-1|1
130||松元厦|Songyuanxia|0|1|3|-1|-1|-1|-1|-1|-1|-1|-1|-1|-1|1
131||观澜湖|Mission Hills|0|1|3|-1|-1|-1|-1|-1|-1|-1|-1|-1|-1|1
132||牛湖|Niuhu|0|1|3|-1|-1|-1|-1|-1|-1|-1|-1|-1|-1|1
133||赤湾|Chiwan|1|2|4|30|-1|-1|-1|-1|-1|-1|-1|-1|-1|1
134||荔湾|Liwan|0|1|4|-1|-1|-1|-1|-1|-1|-1|-1|-1|-1|1
135||铁路公园|Railway Park|0|1|4|-1|-1|-1|-1|-1|-1|-1|-1|-1|-1|1
136||妈湾|Mawan|0|1|4|-1|-1|-1|-1|-1|-1|-1|-1|-1|-1|1
137||前湾公园|Qianwan Park|0|1|4|-1|-1|-1|-1|-1|-1|-1|-1|-1|-1|1
138||前湾|Qianwan|1|2|4|233|-1|-1|-1|-1|-1|-1|-1|-1|-1|1
139||桂湾|Guiwan|0|1|4|-1|-1|-1|-1|-1|-1|-1|-1|-1|-1|1
140||前海湾|Qianhaiwan|1|3|4|8|301|-1|-1|-1|-1|-1|-1|-1|-1|1
141||临海|Linhai|0|1|4|-1|-1|-1|-1|-1|-1|-1|-1|-1|-1|1
142||宝华|Baohua|0|1|4|-1|-1|-1|-1|-1|-1|-1|-1|-1|-1|1
143||宝安中心|Bao'an Center|1|2|4|6|-1|-1|-1|-1|-1|-1|-1|-1|-1|1
144||翻身|Fanshen|0|1|4|-1|-1|-1|-1|-1|-1|-1|-1|-1|-1|1
145||灵芝|Lingzhi|1|2|4|-1|-1|-1|-1|-1|-1|-1|-1|-1|-1|1
146||洪浪北|Honglang North|0|1|4|-1|-1|-1|-1|-1|-1|-1|-1|-1|-1|1
147||兴东|Xingdong|0|1|4|-1|-1|-1|-1|-1|-1|-1|-1|-1|-1|1
148||留仙洞|Liuxiandong|1|2|4|362|-1|-1|-1|-1|-1|-1|-1|-1|-1|1
149||西丽|Xili|1|2|4|207|-1|-1|-1|-1|-1|-1|-1|-1|-1|1
150||大学城|University Town|0|1|4|-1|-1|-1|-1|-1|-1|-1|-1|-1|-1|1
151||塘朗|Tanglang|0|1|4|-1|-1|-1|-1|-1|-1|-1|-1|-1|-1|1
152||长岭陂|Changlingpi|0|1|4|-1|-1|-1|-1|-1|-1|-1|-1|-1|-1|1
153||深圳北站|Shenzhen North Station|1|3|4|119|177|-1|-1|-1|-1|-1|-1|-1|-1|1
154||民治|Minzhi|0|1|4|-1|-1|-1|-1|-1|-1|-1|-1|-1|-1|1
155||五和|Wuhe|1|2|4|275|-1|-1|-1|-1|-1|-1|-1|-1|-1|1
156||坂田|Bantian|0|1|4|-1|-1|-1|-1|-1|-1|-1|-1|-1|-1|1
157||杨美|Yangmei|0|1|4|-1|-1|-1|-1|-1|-1|-1|-1|-1|-1|1
158||上水径|Shangshuijing|0|1|4|-1|-1|-1|-1|-1|-1|-1|-1|-1|-1|1
159||下水径|Xiashuijing|0|1|4|-1|-1|-1|-1|-1|-1|-1|-1|-1|-1|1
160||长龙|Changlong|0|1|4|-1|-1|-1|-1|-1|-1|-1|-1|-1|-1|1
161||布吉|Buji|1|3|4|89|382|-1|-1|-1|-1|-1|-1|-1|-1|1
162||百鸽笼|Baigelong|0|1|4|-1|-1|-1|-1|-1|-1|-1|-1|-1|-1|1
163||布心|Buxin|0|1|4|-1|-1|-1|-1|-1|-1|-1|-1|-1|-1|1
164||太安|Tai'an|1|2|4|232|-1|-1|-1|-1|-1|-1|-1|-1|-1|1
165||怡景|Yijing|0|1|4|-1|-1|-1|-1|-1|-1|-1|-1|-1|-1|1
166||黄贝岭|Huangbeiling|1|2|4|57|-1|-1|-1|-1|-1|-1|-1|-1|-1|1
167||湖贝|Hubei|1|2|4|-1|-1|-1|-1|-1|56|-1|-1|-1|-1|0
168||东门|Dongmen|1|3|4|-1|-1|-1|-1|-1|27|83|-1|-1|-1|0
169||大剧院|Grand Theater|1|5|4|26|55|-1|-1|-1|261|310|-1|-1|-1|0
170||科学馆|Science Museum|1|2|5|25|-1|-1|-1|-1|-1|-1|-1|-1|-1|1
171||通新岭|Tongxinling|1|2|5|81|-1|-1|-1|-1|-1|-1|-1|-1|-1|1
172||体育中心|Sports Center|0|1|5|-1|-1|-1|-1|-1|-1|-1|-1|-1|-1|1
173||八卦岭|Bagualing|1|2|5|227|-1|-1|-1|-1|-1|-1|-1|-1|-1|1
174||银湖|Yinhu|1|2|5|255|-1|-1|-1|-1|-1|-1|-1|-1|-1|1
175||翰岭|Hanling|0|1|5|-1|-1|-1|-1|-1|-1|-1|-1|-1|-1|1
176||梅林关|Meilinguan|0|1|5|-1|-1|-1|-1|-1|-1|-1|-1|-1|-1|1
177||深圳北站|Shenzhen North Station|1|3|5|119|153|-1|-1|-1|-1|-1|-1|-1|-1|1
178||红山|Hongshan|1|2|5|120|-1|-1|-1|-1|-1|-1|-1|-1|-1|1
179||上芬|Shangfen|0|1|5|-1|-1|-1|-1|-1|-1|-1|-1|-1|-1|1
180||元芬|Yuanfen|0|1|5|-1|-1|-1|-1|-1|-1|-1|-1|-1|-1|1
181||阳台山东|Yangtai Mountain East|0|1|5|-1|-1|-1|-1|-1|-1|-1|-1|-1|-1|1
182||官田|Guantian|0|1|5|-1|-1|-1|-1|-1|-1|-1|-1|-1|-1|1
183||上屋|Shangwu|1|2|5|367|-1|-1|-1|-1|-1|-1|-1|-1|-1|1
184||长圳|Changzhen|0|1|5|-1|-1|-1|-1|-1|-1|-1|-1|-1|-1|1
185||凤凰城|Fenghuang Town|1|2|5|-1|-1|-1|-1|-1|-1|-1|-1|-1|-1|1
186||光明大街|Guangming St|0|1|5|-1|-1|-1|-1|-1|-1|-1|-1|-1|-1|1
187||光明|Guangming|1|2|5|200|-1|-1|-1|-1|-1|-1|-1|-1|-1|1
188||科学公园|Science Park|0|1|5|-1|-1|-1|-1|-1|-1|-1|-1|-1|-1|1
189||楼村|Loucun|0|1|5|-1|-1|-1|-1|-1|-1|-1|-1|-1|-1|1
190||红花山|Honghuashan|0|1|5|-1|-1|-1|-1|-1|-1|-1|-1|-1|-1|1
191||公明广场|Gongming Square|1|2|5|375|-1|-1|-1|-1|-1|-1|-1|-1|-1|1
192||合水口|Heshuikou|0|1|5|-1|-1|-1|-1|-1|-1|-1|-1|-1|-1|1
193||薯田埔|Shutianpu|0|1|5|-1|-1|-1|-1|-1|-1|-1|-1|-1|-1|1
194||松岗公园|Songgang Park|0|1|5|-1|-1|-1|-1|-1|-1|-1|-1|-1|-1|1
195||溪头|Xitou|0|1|5|-1|-1|-1|-1|-1|-1|-1|-1|-1|-1|1
196||松岗|Songgang|1|3|5|290|348|-1|-1|-1|-1|-1|-1|-1|-1|1
197||光明城|Guangmingcheng|1|2|6|369|-1|-1|-1|-1|-1|-1|-1|-1|-1|0
198||虹桥公园|Hongqiao Park|0|1|6|-1|-1|-1|-1|-1|-1|-1|-1|-1|-1|0
199||碧眼|Biyan|0|1|6|-1|-1|-1|-1|-1|-1|-1|-1|-1|-1|0
200||光明|Guangming|1|2|6|187|-1|-1|-1|-1|-1|-1|-1|-1|-1|1
201||圳美|Zhenmei|0|1|6|-1|-1|-1|-1|-1|-1|-1|-1|-1|-1|1
202||中大|Sun Yat-sen University|0|1|6|-1|-1|-1|-1|-1|-1|-1|-1|-1|-1|1
203||深理工|SUAT|0|1|6|-1|-1|-1|-1|-1|-1|-1|-1|-1|-1|1
204||深大丽湖|SZU Lihu Campus|0|1|7|-1|-1|-1|-1|-1|-1|-1|-1|-1|-1|1
205||北大|Peking University|0|1|7|-1|-1|-1|-1|-1|-1|-1|-1|-1|-1|1
206||西丽湖|Xili Lake|0|1|7|-1|-1|-1|-1|-1|-1|-1|-1|-1|-1|1
207||西丽|Xili|1|2|7|149|-1|-1|-1|-1|-1|-1|-1|-1|-1|1
208||茶光|Chaguang|0|1|7|-1|-1|-1|-1|-1|-1|-1|-1|-1|-1|1
209||珠光|Zhuguang|0|1|7|-1|-1|-1|-1|-1|-1|-1|-1|-1|-1|1
210||龙井|Longjing|0|1|7|-1|-1|-1|-1|-1|-1|-1|-1|-1|-1|1
211||桃源村|Taoyuancun|0|1|7|-1|-1|-1|-1|-1|-1|-1|-1|-1|-1|1
212||深云|Shenyun|0|1|7|-1|-1|-1|-1|-1|-1|-1|-1|-1|-1|1
213||安托山|Antuo Hill|1|2|7|44|-1|-1|-1|-1|-1|-1|-1|-1|-1|1
214||农林|Nonglin|0|1|7|-1|-1|-1|-1|-1|-1|-1|-1|-1|-1|1
215||车公庙|Chegongmiao|1|4|7|19|247|305|-1|-1|-1|-1|-1|-1|-1|1
216||上沙|Shangsha|0|1|7|-1|-1|-1|-1|-1|-1|-1|-1|-1|-1|1
217||沙尾|Shawei|0|1|7|-1|-1|-1|-1|-1|-1|-1|-1|-1|-1|1
218||石厦|Shixia|1|2|7|75|-1|-1|-1|-1|-1|-1|-1|-1|-1|1
219||皇岗村|Huanggangcun|0|1|7|-1|-1|-1|-1|-1|-1|-1|-1|-1|-1|1
220||福民|Fumin|1|3|7|111|266|-1|-1|-1|-1|-1|-1|-1|-1|1
221||皇岗口岸|Huanggang Checkpoint|0|1|7|-1|-1|-1|-1|-1|-1|-1|-1|-1|-1|1
222||赤尾|Chiwei|0|1|7|-1|-1|-1|-1|-1|-1|-1|-1|-1|-1|1
223||华强南|Huaqiang South|1|2|7|309|-1|-1|-1|-1|-1|-1|-1|-1|-1|1
224||华强北|Huaqiang North|1|2|7|53|-1|-1|-1|-1|-1|-1|-1|-1|-1|1
225||华新|Huaxin|1|2|7|80|-1|-1|-1|-1|-1|-1|-1|-1|-1|1
226||黄木岗|Huangmugang|1|2|7|380|-1|-1|-1|-1|-1|-1|-1|-1|-1|1
227||八卦岭|Bagualing|1|2|7|173|-1|-1|-1|-1|-1|-1|-1|-1|-1|1
228||红岭北|Honglingbei|1|2|7|257|-1|-1|-1|-1|-1|-1|-1|-1|-1|1
229||笋岗|Shungang|0|1|7|-1|-1|-1|-1|-1|-1|-1|-1|-1|-1|1
230||洪湖|Honghuashan|0|1|7|-1|-1|-1|-1|-1|-1|-1|-1|-1|-1|1
231||田贝|Tianbei|1|2|7|86|-1|-1|-1|-1|-1|-1|-1|-1|-1|1
232||太安|Tai'an|1|2|7|164|-1|-1|-1|-1|-1|-1|-1|-1|-1|1
233||前湾|Qianwan|1|2|9|138|-1|-1|-1|-1|-1|-1|-1|-1|-1|1
234||梦海|Menghai|0|1|9|-1|-1|-1|-1|-1|-1|-1|-1|-1|-1|1
235||怡海|Yihai|0|1|9|-1|-1|-1|-1|-1|-1|-1|-1|-1|-1|1
236||荔林|Litchi Orchards|0|1|9|-1|-1|-1|-1|-1|-1|-1|-1|-1|-1|1
237||南油西|Nanyou West|0|1|9|-1|-1|-1|-1|-1|-1|-1|-1|-1|-1|1
238||南油|Nanyou|1|2|9|316|-1|-1|-1|-1|-1|-1|-1|-1|-1|1
239||南山书城|Nanshan Book Mall|0|1|9|-1|-1|-1|-1|-1|-1|-1|-1|-1|-1|1
240||深大南|Shenzhen University South|0|1|9|-1|-1|-1|-1|-1|-1|-1|-1|-1|-1|1
241||粤海门|Yuehaimen|1|2|9|356|-1|-1|-1|-1|-1|-1|-1|-1|-1|1
242||高新南|Hi-Tech South|0|1|9|-1|-1|-1|-1|-1|-1|-1|-1|-1|-1|1
243||红树湾南|Hongshuwan South|1|2|9|304|-1|-1|-1|-1|-1|-1|-1|-1|-1|1
244||深湾|Shenwan|0|1|9|-1|-1|-1|-1|-1|-1|-1|-1|-1|-1|1
245||深圳湾公园|Shenzhen Bay Park|0|1|9|-1|-1|-1|-1|-1|-1|-1|-1|-1|-1|1
246||下沙|Xiasha|0|1|9|-1|-1|-1|-1|-1|-1|-1|-1|-1|-1|1
247||车公庙|Chegongmiao|1|4|9|19|215|305|-1|-1|-1|-1|-1|-1|-1|1
248||香梅|Xiangmei|0|1|9|-1|-1|-1|-1|-1|-1|-1|-1|-1|-1|1
249||景田|Jingtian|1|2|9|48|-1|-1|-1|-1|-1|-1|-1|-1|-1|1
250||梅景|Meijing|0|1|9|-1|-1|-1|-1|-1|-1|-1|-1|-1|-1|1
251||下梅林|Xiameilin|0|1|9|-1|-1|-1|-1|-1|-1|-1|-1|-1|-1|1
252||梅村|Meicun|0|1|9|-1|-1|-1|-1|-1|-1|-1|-1|-1|-1|1
253||上梅林|Shangmeilin|1|2|9|116|-1|-1|-1|-1|-1|-1|-1|-1|-1|1
254||孖岭|Maling|1|2|9|271|-1|-1|-1|-1|-1|-1|-1|-1|-1|1
255||银湖|Yinhu|1|2|9|174|-1|-1|-1|-1|-1|-1|-1|-1|-1|1
256||泥岗|Nigang|0|1|9|-1|-1|-1|-1|-1|-1|-1|-1|-1|-1|1
257||红岭北|Honglingbei|1|2|9|228|-1|-1|-1|-1|-1|-1|-1|-1|-1|1
258||园岭|Yuanling|0|1|9|-1|-1|-1|-1|-1|-1|-1|-1|-1|-1|1
259||红岭|Hongling|1|2|9|82|-1|-1|-1|-1|-1|-1|-1|-1|-1|1
260||红岭南|Hongling South|1|5|9|-1|-1|-1|-1|-1|26|55|169|310|-1|1
261||鹿丹村|Ludancun|0|1|9|-1|-1|-1|-1|-1|-1|-1|-1|-1|-1|1
262||人民南|Renmin South|0|1|9|-1|-1|-1|-1|-1|-1|-1|-1|-1|-1|1
263||向西村|Xiangxicun|0|1|9|-1|-1|-1|-1|-1|-1|-1|-1|-1|-1|1
264||文锦|Wenjin|0|1|9|-1|-1|-1|-1|-1|-1|-1|-1|-1|-1|1
265||福田口岸|Futian Checkpoint|1|2|10|-1|-1|-1|-1|-1|110|-1|-1|-1|-1|1
266||福民|Fumin|1|3|10|111|220|-1|-1|-1|-1|-1|-1|-1|-1|1
267||岗厦|Gangxia|1|2|10|23|-1|-1|-1|-1|-1|-1|-1|-1|-1|1
268||岗厦北|Gangxia North|1|4|10|52|307|379|-1|-1|-1|-1|-1|-1|-1|1
269||莲花村|Lianhuacun|1|2|10|79|-1|-1|-1|-1|-1|-1|-1|-1|-1|1
270||冬瓜岭|Donggualing|0|1|10|-1|-1|-1|-1|-1|-1|-1|-1|-1|-1|1
271||孖岭|Maling|1|2|10|254|-1|-1|-1|-1|-1|-1|-1|-1|-1|1
272||雅宝|Yabao|0|1|10|-1|-1|-1|-1|-1|-1|-1|-1|-1|-1|1
273||南坑|Nankeng|0|1|10|-1|-1|-1|-1|-1|-1|-1|-1|-1|-1|1
274||光雅园|Guangyayuan|0|1|10|-1|-1|-1|-1|-1|-1|-1|-1|-1|-1|1
275||五和|Wuhe|1|2|10|155|-1|-1|-1|-1|-1|-1|-1|-1|-1|1
276||坂田北|Bantian North|0|1|10|-1|-1|-1|-1|-1|-1|-1|-1|-1|-1|1
277||贝尔路|Bei'er Rd|0|1|10|-1|-1|-1|-1|-1|-1|-1|-1|-1|-1|1
278||华为|Huawei|0|1|10|-1|-1|-1|-1|-1|-1|-1|-1|-1|-1|1
279||岗头|Gangtou|0|1|10|-1|-1|-1|-1|-1|-1|-1|-1|-1|-1|1
280||雪象|Xuexiang|0|1|10|-1|-1|-1|-1|-1|-1|-1|-1|-1|-1|1
281||甘坑|Gankeng|0|1|10|-1|-1|-1|-1|-1|-1|-1|-1|-1|-1|1
282||凉帽山|Liangmao Hill|0|1|10|-1|-1|-1|-1|-1|-1|-1|-1|-1|-1|1
283||上李朗|Shanglilang|0|1|10|-1|-1|-1|-1|-1|-1|-1|-1|-1|-1|1
284||木古|Mugu|0|1|10|-1|-1|-1|-1|-1|-1|-1|-1|-1|-1|1
285||华南城|Huanancheng|0|1|10|-1|-1|-1|-1|-1|-1|-1|-1|-1|-1|1
286||禾花|Hehua|0|1|10|-1|-1|-1|-1|-1|-1|-1|-1|-1|-1|1
287||平湖|Pinghu|0|1|10|-1|-1|-1|-1|-1|-1|-1|-1|-1|-1|1
288||双拥街|Shuangyong St|0|1|10|-1|-1|-1|-1|-1|-1|-1|-1|-1|-1|1
289||碧头|Bitou|0|1|11|-1|-1|-1|-1|-1|-1|-1|-1|-1|-1|1
290||松岗|Songgang|1|3|11|196|348|-1|-1|-1|-1|-1|-1|-1|-1|1
291||后亭|Houting|0|1|11|-1|-1|-1|-1|-1|-1|-1|-1|-1|-1|1
292||沙井|Shajing|0|1|11|-1|-1|-1|-1|-1|-1|-1|-1|-1|-1|1
293||马安山|Ma'anshan|0|1|11|-1|-1|-1|-1|-1|-1|-1|-1|-1|-1|1
294||塘尾|Tangwei|0|1|11|-1|-1|-1|-1|-1|-1|-1|-1|-1|-1|1
295||桥头|Qiaotou|0|1|11|-1|-1|-1|-1|-1|-1|-1|-1|-1|-1|1
296||福永|Fuyong|1|2|11|337|-1|-1|-1|-1|-1|-1|-1|-1|-1|1
297||机场北|Airport North|1|2|11|429|-1|-1|-1|-1|-1|-1|-1|-1|-1|1
298||机场（T3）|Airport (T3)|0|1|11|-1|-1|-1|-1|-1|-1|-1|-1|-1|-1|1
299||碧海湾|Bihaiwan|0|1|11|-1|-1|-1|-1|-1|-1|-1|-1|-1|-1|1
300||宝安|Bao'an|0|1|11|-1|-1|-1|-1|-1|-1|-1|-1|-1|-1|1
301||前海湾|Qianhaiwan|1|3|11|8|140|-1|-1|-1|-1|-1|-1|-1|-1|1
302||南山|Nanshan|1|2|11|318|-1|-1|-1|-1|-1|-1|-1|-1|-1|1
303||后海|Houhai|1|3|11|38|354|-1|-1|-1|-1|-1|-1|-1|-1|1
304||红树湾南|Hongshuwan South|1|2|11|243|-1|-1|-1|-1|-1|-1|-1|-1|-1|1
305||车公庙|Chegongmiao|1|4|11|19|215|247|-1|-1|-1|-1|-1|-1|-1|1
306||福田|Futian|1|3|11|50|77|-1|-1|-1|-1|-1|-1|-1|-1|1
307||岗厦北|Gangxia North|1|4|11|52|268|379|-1|-1|-1|-1|-1|-1|-1|1
308||福星|Fuxing|0|1|11|-1|-1|-1|-1|-1|-1|-1|-1|-1|-1|1
309||华强南|Huaqiang South|1|2|11|223|-1|-1|-1|-1|-1|-1|-1|-1|-1|1
310||红岭南|Hongling South|1|5|11|-1|-1|-1|-1|-1|26|55|169|261|-1|0
311||左炮台东|Zuopaotai East|0|1|12|-1|-1|-1|-1|-1|-1|-1|-1|-1|-1|1
312||太子湾|Taiziwan|0|1|12|-1|-1|-1|-1|-1|-1|-1|-1|-1|-1|1
313||海上世界|Sea World|1|2|12|32|-1|-1|-1|-1|-1|-1|-1|-1|-1|1
314||花果山|Huaguoshan|0|1|12|-1|-1|-1|-1|-1|-1|-1|-1|-1|-1|1
315||四海|Sihai|0|1|12|-1|-1|-1|-1|-1|-1|-1|-1|-1|-1|1
316||南油|Nanyou|1|2|12|238|-1|-1|-1|-1|-1|-1|-1|-1|-1|1
317||南光|Nanguang|0|1|12|-1|-1|-1|-1|-1|-1|-1|-1|-1|-1|1
318||南山|Nanshan|1|2|12|302|-1|-1|-1|-1|-1|-1|-1|-1|-1|1
319||桃园|Taoyuan|1|2|12|11|-1|-1|-1|-1|-1|-1|-1|-1|-1|1
320||南头古城|Nantou Ancient City|0|1|12|-1|-1|-1|-1|-1|-1|-1|-1|-1|-1|1
321||中山公园|Zhongshan Park|0|1|12|-1|-1|-1|-1|-1|-1|-1|-1|-1|-1|1
322||同乐南|Tongle South|0|1|12|-1|-1|-1|-1|-1|-1|-1|-1|-1|-1|1
323||新安公园|Xin'an Park|0|1|12|-1|-1|-1|-1|-1|-1|-1|-1|-1|-1|1
324||灵芝|Lingzhi|1|2|12|145|-1|-1|-1|-1|-1|-1|-1|-1|-1|1
325||上川|Shangchuan|0|1|12|-1|-1|-1|-1|-1|-1|-1|-1|-1|-1|1
326||流塘|Liutang|0|1|12|-1|-1|-1|-1|-1|-1|-1|-1|-1|-1|1
327||宝安客运站|Bao'an Passenger Transport Terminal|0|1|12|-1|-1|-1|-1|-1|-1|-1|-1|-1|-1|1
328||宝田一路|Baotian 1st Road|0|1|12|-1|-1|-1|-1|-1|-1|-1|-1|-1|-1|1
329||平峦山|Pingluan Hill|0|1|12|-1|-1|-1|-1|-1|-1|-1|-1|-1|-1|1
330||西乡桃源|Xixiang Taoyuan|0|1|12|-1|-1|-1|-1|-1|-1|-1|-1|-1|-1|1
331||钟屋南|Zhongwu South|0|1|12|-1|-1|-1|-1|-1|-1|-1|-1|-1|-1|1
332||黄田|Huangtian|0|1|12|-1|-1|-1|-1|-1|-1|-1|-1|-1|-1|1
333||兴围|Xingwei|0|1|12|-1|-1|-1|-1|-1|-1|-1|-1|-1|-1|1
334||机场东|Airport East|1|2|12|0|-1|-1|-1|-1|-1|-1|-1|-1|-1|1
335||福围|Fuwei|0|1|12|-1|-1|-1|-1|-1|-1|-1|-1|-1|-1|1
336||怀德|Huaide|0|1|12|-1|-1|-1|-1|-1|-1|-1|-1|-1|-1|1
337||福永|Fuyong|1|2|12|296|-1|-1|-1|-1|-1|-1|-1|-1|-1|1
338||福海西|Fuhai West|0|1|12|-1|-1|-1|-1|-1|-1|-1|-1|-1|-1|1
339||国展|Shenzhen World|1|2|12|431|-1|-1|-1|-1|-1|-1|-1|-1|-1|1
340||国展北|Shenzhen World North|1|2|12|432|-1|-1|-1|-1|-1|-1|-1|-1|-1|1
341||海上田园南|Waterlands Resort South|0|1|12|-1|-1|-1|-1|-1|-1|-1|-1|-1|-1|1
342||海上田园东|Waterlands Resort East|0|1|12|-1|-1|-1|-1|-1|-1|-1|-1|-1|-1|1
343||蚝乡|Haoxiang|0|1|12|-1|-1|-1|-1|-1|-1|-1|-1|-1|-1|1
344||沙蚝|Shahao|0|1|12|-1|-1|-1|-1|-1|-1|-1|-1|-1|-1|1
345||沙井古墟|Shajing Ancient Market|0|1|12|-1|-1|-1|-1|-1|-1|-1|-1|-1|-1|1
346||步涌|Buchong|0|1|12|-1|-1|-1|-1|-1|-1|-1|-1|-1|-1|1
347||朗下|Langxia|0|1|12|-1|-1|-1|-1|-1|-1|-1|-1|-1|-1|1
348||松岗|Songgang|1|3|12|196|290|-1|-1|-1|-1|-1|-1|-1|-1|1
349||东角头|Dongjiaotou|1|2|13|33|-1|-1|-1|-1|-1|-1|-1|-1|-1|0
350||歌剧院|Opera House|0|1|13|-1|-1|-1|-1|-1|-1|-1|-1|-1|-1|0
351||潮汐公园|Tide Park|0|1|13|-1|-1|-1|-1|-1|-1|-1|-1|-1|-1|0
352||深圳湾口岸|Shenzhen Bay Checkpoint|0|1|13|-1|-1|-1|-1|-1|-1|-1|-1|-1|-1|1
353||人才公园|Talent Park|0|1|13|-1|-1|-1|-1|-1|-1|-1|-1|-1|-1|1
354||后海|Houhai|1|3|13|38|303|-1|-1|-1|-1|-1|-1|-1|-1|1
355||科苑|Keyuan|1|2|13|39|-1|-1|-1|-1|-1|-1|-1|-1|-1|1
356||粤海门|Yuehaimen|1|2|13|241|-1|-1|-1|-1|-1|-1|-1|-1|-1|1
357||深大|Shenzhen University|1|2|13|13|-1|-1|-1|-1|-1|-1|-1|-1|-1|1
358||高新中|Hi-Tech Central|0|1|13|-1|-1|-1|-1|-1|-1|-1|-1|-1|-1|1
359||高新北|Hi-Tech North|0|1|13|-1|-1|-1|-1|-1|-1|-1|-1|-1|-1|0
360||西丽高铁站|Xili High Speed Railway Station|0|1|13|-1|-1|-1|-1|-1|-1|-1|-1|-1|-1|0
361||石鼓|Shigu|0|1|13|-1|-1|-1|-1|-1|-1|-1|-1|-1|-1|0
362||留仙洞|Liuxiandong|1|2|13|148|-1|-1|-1|-1|-1|-1|-1|-1|-1|0
363||百旺港大|Baiwang-HKU|0|1|13|-1|-1|-1|-1|-1|-1|-1|-1|-1|-1|0
364||应人石|Yingrenshi|0|1|13|-1|-1|-1|-1|-1|-1|-1|-1|-1|-1|0
365||罗租|Luozu|0|1|13|-1|-1|-1|-1|-1|-1|-1|-1|-1|-1|0
366||石岩|Shiyan|0|1|13|-1|-1|-1|-1|-1|-1|-1|-1|-1|-1|0
367||上屋|Shangwu|1|2|13|183|-1|-1|-1|-1|-1|-1|-1|-1|-1|0
368||红坳公园|Hong'ao Park|0|1|13|-1|-1|-1|-1|-1|-1|-1|-1|-1|-1|0
369||光明城|Guangmingcheng|1|2|13|197|-1|-1|-1|-1|-1|-1|-1|-1|-1|0
370||德雅路|Deya Rd|0|1|13|-1|-1|-1|-1|-1|-1|-1|-1|-1|-1|0
371||凤凰城|Fenghuang Town|1|2|13|185|-1|-1|-1|-1|-1|-1|-1|-1|-1|0
372||月亮路|Yueliang Rd|0|1|13|-1|-1|-1|-1|-1|-1|-1|-1|-1|-1|0
373||将围|Jiangwei|0|1|13|-1|-1|-1|-1|-1|-1|-1|-1|-1|-1|0
374||新庄|Xinzhuang|0|1|13|-1|-1|-1|-1|-1|-1|-1|-1|-1|-1|0
375||公明广场|Gongming Square|1|2|13|191|-1|-1|-1|-1|-1|-1|-1|-1|-1|0
376||上村|Shangcun|0|1|13|-1|-1|-1|-1|-1|-1|-1|-1|-1|-1|0
377||下村|Xiacun|0|1|13|-1|-1|-1|-1|-1|-1|-1|-1|-1|-1|0
378||李松蓢|Lisonglang|0|1|13|-1|-1|-1|-1|-1|-1|-1|-1|-1|-1|0
379||岗厦北|Gangxia North|1|4|14|52|268|307|-1|-1|-1|-1|-1|-1|-1|1
380||黄木岗|Huangmugang|1|2|14|226|-1|-1|-1|-1|-1|-1|-1|-1|-1|1
381||罗湖北|Luohu North|0|1|14|-1|-1|-1|-1|-1|-1|-1|-1|-1|-1|1
382||布吉|Buji|1|3|14|89|162|-1|-1|-1|-1|-1|-1|-1|-1|1
383||石芽岭|Shiyaling|0|1|14|-1|-1|-1|-1|-1|-1|-1|-1|-1|-1|1
384||六约北|Liuyue North|0|1|14|-1|-1|-1|-1|-1|-1|-1|-1|-1|-1|1
385||四联|Silian|0|1|14|-1|-1|-1|-1|-1|-1|-1|-1|-1|-1|1
386||坳背|Aobei|0|1|14|-1|-1|-1|-1|-1|-1|-1|-1|-1|-1|1
387||大运|Universiade|1|3|14|97|405|-1|-1|-1|-1|-1|-1|-1|-1|1
388||嶂背|Zhangbei|0|1|14|-1|-1|-1|-1|-1|-1|-1|-1|-1|-1|1
389||南约|Nanyue|0|1|14|-1|-1|-1|-1|-1|-1|-1|-1|-1|-1|1
390||宝龙|Baolong|0|1|14|-1|-1|-1|-1|-1|-1|-1|-1|-1|-1|1
391||锦龙|Jinlong|0|1|14|-1|-1|-1|-1|-1|-1|-1|-1|-1|-1|1
392||坪山围|Pingshanwei|1|2|14|421|-1|-1|-1|-1|-1|-1|-1|-1|-1|1
393||坪山广场|Pingshan Square|0|1|14|-1|-1|-1|-1|-1|-1|-1|-1|-1|-1|1
394||坪山中心|Pingshan Center|0|1|14|-1|-1|-1|-1|-1|-1|-1|-1|-1|-1|1
395||坑梓|Kengzi|0|1|14|-1|-1|-1|-1|-1|-1|-1|-1|-1|-1|1
396||沙田|Shatian|0|1|14|-1|-1|-1|-1|-1|-1|-1|-1|-1|-1|1
397||园山西坑|Yuanshan Xikeng|0|1|15|-1|-1|-1|-1|-1|-1|-1|-1|-1|-1|0
398||安良|Anliang|0|1|15|-1|-1|-1|-1|-1|-1|-1|-1|-1|-1|0
399||福坑|Fukeng|0|1|15|-1|-1|-1|-1|-1|-1|-1|-1|-1|-1|0
400||大康|Dakang|0|1|15|-1|-1|-1|-1|-1|-1|-1|-1|-1|-1|0
401||园山|Yuanshan|0|1|15|-1|-1|-1|-1|-1|-1|-1|-1|-1|-1|0
402||大安|Da'an|0|1|15|-1|-1|-1|-1|-1|-1|-1|-1|-1|-1|0
403||吉契|Jixi|0|1|15|-1|-1|-1|-1|-1|-1|-1|-1|-1|-1|0
404||金源|Jinyuan|0|1|15|-1|-1|-1|-1|-1|-1|-1|-1|-1|-1|0
405||大运|Universiade|1|3|15|97|387|-1|-1|-1|-1|-1|-1|-1|-1|1
406||大运中心|Universiade Center|0|1|15|-1|-1|-1|-1|-1|-1|-1|-1|-1|-1|1
407||龙城公园|Longcheng Park|0|1|15|-1|-1|-1|-1|-1|-1|-1|-1|-1|-1|1
408||黄阁坑|Huanggekeng|0|1|15|-1|-1|-1|-1|-1|-1|-1|-1|-1|-1|1
409||愉园|Yuyuan|0|1|15|-1|-1|-1|-1|-1|-1|-1|-1|-1|-1|1
410||回龙埔|Huilongpu|0|1|15|-1|-1|-1|-1|-1|-1|-1|-1|-1|-1|1
411||尚景|Shangjing|0|1|15|-1|-1|-1|-1|-1|-1|-1|-1|-1|-1|1
412||盛平|Shengping|0|1|15|-1|-1|-1|-1|-1|-1|-1|-1|-1|-1|1
413||龙园|Longyuan|0|1|15|-1|-1|-1|-1|-1|-1|-1|-1|-1|-1|1
414||双龙|Shuanglong|1|2|15|102|-1|-1|-1|-1|-1|-1|-1|-1|-1|1
415||新塘围|Xintangwei|0|1|15|-1|-1|-1|-1|-1|-1|-1|-1|-1|-1|1
416||龙东|Longdong|0|1|15|-1|-1|-1|-1|-1|-1|-1|-1|-1|-1|1
417||宝龙同乐|Baolong Tongle|0|1|15|-1|-1|-1|-1|-1|-1|-1|-1|-1|-1|1
418||坪山|Pingshan|0|1|15|-1|-1|-1|-1|-1|-1|-1|-1|-1|-1|1
419||新和|Xinhe|0|1|15|-1|-1|-1|-1|-1|-1|-1|-1|-1|-1|1
420||六和|Liuhe|0|1|15|-1|-1|-1|-1|-1|-1|-1|-1|-1|-1|1
421||坪山围|Pingshanwei|1|2|15|392|-1|-1|-1|-1|-1|-1|-1|-1|-1|1
422||坪环|Pinghuan|0|1|15|-1|-1|-1|-1|-1|-1|-1|-1|-1|-1|1
423||东纵纪念馆|Dongjiang Column Memorial Hall|0|1|15|-1|-1|-1|-1|-1|-1|-1|-1|-1|-1|1
424||沙壆|Shabo|0|1|15|-1|-1|-1|-1|-1|-1|-1|-1|-1|-1|1
425||燕子湖|Yanzihu|0|1|15|-1|-1|-1|-1|-1|-1|-1|-1|-1|-1|1
426||石井|Shijing|0|1|15|-1|-1|-1|-1|-1|-1|-1|-1|-1|-1|1
427||技术大学|Technology University|0|1|15|-1|-1|-1|-1|-1|-1|-1|-1|-1|-1|1
428||田心|Tianxin|0|1|15|-1|-1|-1|-1|-1|-1|-1|-1|-1|-1|1
429||机场北|Airport North|1|2|16|297|-1|-1|-1|-1|-1|-1|-1|-1|-1|1
430||国展南|Shenzhen World South|0|1|16|-1|-1|-1|-1|-1|-1|-1|-1|-1|-1|1
431||国展|Shenzhen World|1|2|16|339|-1|-1|-1|-1|-1|-1|-1|-1|-1|1
432||国展北|Shenzhen World North|1|2|16|340|-1|-1|-1|-1|-1|-1|-1|-1|-1|1
433||会展城|Convention & Exhibition City|0|1|16|-1|-1|-1|-1|-1|-1|-1|-1|-1|-1|1