0|101|西塱|Xilang|1|4|0|259|465|570|-1|-1|-1|-1|-1|-1|-1|1
1|102|坑口|Kengkou|0|1|0|-1|-1|-1|-1|-1|-1|-1|-1|-1|-1|1
2|103|花地湾|Huadiwan|0|1|0|-1|-1|-1|-1|-1|-1|-1|-1|-1|-1|1
3|104|芳村|Fangcun|1|3|0|306|571|-1|-1|-1|-1|-1|-1|-1|-1|1
4|105|黄沙|Huangsha|1|2|0|139|-1|-1|-1|-1|-1|-1|-1|-1|-1|1
5|106|长寿路|Changshou Lu|0|1|0|-1|-1|-1|-1|-1|-1|-1|-1|-1|-1|1
6|107|陈家祠|Chen Clan Academy|1|2|0|215|-1|-1|-1|-1|-1|-1|-1|-1|-1|1
7|108|西门口|Ximenkou|0|1|0|-1|-1|-1|-1|-1|-1|-1|-1|-1|-1|1
8|109|公园前|Gongyuanqian|1|2|0|28|-1|-1|-1|-1|-1|-1|-1|-1|-1|1
9|110|农讲所|Peasant Movement Institude|0|1|0|-1|-1|-1|-1|-1|-1|-1|-1|-1|-1|1
10|111|烈士陵园|Matyr's Park|0|1|0|-1|-1|-1|-1|-1|-1|-1|-1|-1|-1|1
11|112|东山口|Dongshankou|1|2|0|146|-1|-1|-1|-1|-1|-1|-1|-1|-1|1
12|113|杨箕|Yangji|1|2|0|110|-1|-1|-1|-1|-1|-1|-1|-1|-1|1
13|114|体育西路|Tiyu Xilu|1|3|0|44|55|-1|-1|-1|-1|-1|-1|-1|-1|1
14|115|体育中心|Tianhe Sports Center|0|1|0|-1|-1|-1|-1|-1|-1|-1|-1|-1|-1|1
15|116|广州东站|Guangzhou East Railway Station|1|2|0|62|-1|-1|-1|-1|-1|-1|-1|-1|-1|1
16|201|广州南站|Guangzhou South Railway Station|1|4|1|173|566|411|-1|-1|-1|-1|-1|-1|-1|1
17|202|石壁|Shibi|1|2|1|174|-1|-1|-1|-1|-1|-1|-1|-1|-1|1
18|203|会江|Huijiang|0|1|1|-1|-1|-1|-1|-1|-1|-1|-1|-1|-1|1
19|204|南浦|Nanpu|0|1|1|-1|-1|-1|-1|-1|-1|-1|-1|-1|-1|1
20|205|洛溪|Luoxi|0|1|1|-1|-1|-1|-1|-1|-1|-1|-1|-1|-1|1
21|206|南洲|Nanzhou|1|2|1|265|-1|-1|-1|-1|-1|-1|-1|-1|-1|1
22|207|东晓南|Dongxiao South|1|2|1|470|-1|-1|-1|-1|-1|-1|-1|-1|-1|1
23|208|江泰路|Jiangtai Road|1|2|1|312|-1|-1|-1|-1|-1|-1|-1|-1|-1|1
24|209|昌岗|Changgang|1|2|1|222|-1|-1|-1|-1|-1|-1|-1|-1|-1|1
25|210|江南西|Jiangnanxi|0|1|1|-1|-1|-1|-1|-1|-1|-1|-1|-1|-1|1
26|211|市二宫|The 2nd Workers' Cultural Palace|0|1|1|-1|-1|-1|-1|-1|-1|-1|-1|-1|-1|1
27|212|海珠广场|Haizhu Square|1|2|1|142|-1|-1|-1|-1|-1|-1|-1|-1|-1|1
28|213|公园前|Gongyuanqian|1|2|1|8|-1|-1|-1|-1|-1|-1|-1|-1|-1|1
29|214|纪念堂|Sun Yat-sen Memorial Hall|0|1|1|-1|-1|-1|-1|-1|-1|-1|-1|-1|-1|1
30|215|越秀公园|Yuexiu Park|0|1|1|-1|-1|-1|-1|-1|-1|-1|-1|-1|-1|1
31|216|广州火车站|Guangzhou Railway Station|1|2|1|105|-1|-1|-1|-1|-1|-1|-1|-1|-1|1
32|217|三元里|Sanyuanli|0|1|1|-1|-1|-1|-1|-1|-1|-1|-1|-1|-1|1
33|218|飞翔公园|Feixiang Park|0|1|1|-1|-1|-1|-1|-1|-1|-1|-1|-1|-1|1
34|219|白云公园|Baiyun Park|0|1|1|-1|-1|-1|-1|-1|-1|-1|-1|-1|-1|1
35|220|白云文化广场|Baiyun Cultrue Square|1|2|1|494|-1|-1|-1|-1|-1|-1|-1|-1|-1|1
36|221|萧岗|Xiao-gang|0|1|1|-1|-1|-1|-1|-1|-1|-1|-1|-1|-1|1
37|222|江夏|Jiangxia|0|1|1|-1|-1|-1|-1|-1|-1|-1|-1|-1|-1|1
38|223|黄边|Huangbian|0|1|1|-1|-1|-1|-1|-1|-1|-1|-1|-1|-1|1
39|224|嘉禾望岗|Jianghewanggang|1|3|1|69|329|-1|-1|-1|-1|-1|-1|-1|-1|1
40|301-4|海傍|Haibang|1|2|2|89|-1|-1|-1|-1|-1|-1|-1|-1|-1|1
41|301-3|海涌路|Haichong Lu|0|1|2|-1|-1|-1|-1|-1|-1|-1|-1|-1|-1|1
42|301-2|石碁南|Shiqinan|0|1|2|-1|-1|-1|-1|-1|-1|-1|-1|-1|-1|1
43|301-1|傍江|Bangjiang|0|1|2|-1|-1|-1|-1|-1|-1|-1|-1|-1|-1|1
44|311|体育西路|Tiyu Xilu|1|3|10|13|55|-1|-1|-1|-1|-1|-1|-1|-1|1
45|301|番禺广场|Panyu Square|1|3|2|344|564|-1|-1|-1|-1|-1|-1|-1|-1|1
46|302|市桥|Shiqiao|0|1|2|-1|-1|-1|-1|-1|-1|-1|-1|-1|-1|1
47|303|汉溪长隆|Hanxi Changlong|1|2|2|177|-1|-1|-1|-1|-1|-1|-1|-1|-1|1
48|304|大石|Dashi|0|1|2|-1|-1|-1|-1|-1|-1|-1|-1|-1|-1|1
49|305|厦滘|Xiajiao|0|1|2|-1|-1|-1|-1|-1|-1|-1|-1|-1|-1|1
50|306|沥滘|Lijiao|1|2|2|266|-1|-1|-1|-1|-1|-1|-1|-1|-1|1
51|307|大塘|Datang|1|2|2|316|-1|-1|-1|-1|-1|-1|-1|-1|-1|1
52|308|客村|Kecun|1|2|2|226|-1|-1|-1|-1|-1|-1|-1|-1|-1|1
53|309|广州塔|Canton Tower|1|2|2|-1|-1|-1|-1|-1|267|-1|-1|-1|-1|1
54|310|珠江新城|Zhujiang New Town|1|2|2|112|-1|-1|-1|-1|-1|-1|-1|-1|-1|1
55|311|体育西路|Tiyu Xilu|1|3|2|13|44|-1|-1|-1|-1|-1|-1|-1|-1|1
56|312|石牌桥|Shipaiqiao|0|1|2|-1|-1|-1|-1|-1|-1|-1|-1|-1|-1|1
57|313|岗顶|Gangding|0|1|2|-1|-1|-1|-1|-1|-1|-1|-1|-1|-1|1
58|314|华师|South China Normal University|1|2|2|292|-1|-1|-1|-1|-1|-1|-1|-1|-1|1
59|315|五山|Wushan|0|1|2|-1|-1|-1|-1|-1|-1|-1|-1|-1|-1|1
60|316|天河客运站|Tianhe Coach Terminal|1|2|2|153|-1|-1|-1|-1|-1|-1|-1|-1|-1|1
61|317|林和西|Linhexi|1|2|10|-1|-1|-1|-1|-1|275|-1|-1|-1|-1|1
62|318|广州东站|Guangzhou East Railway Station|1|2|10|15|-1|-1|-1|-1|-1|-1|-1|-1|-1|1
63|319|燕塘|Yantang|1|2|10|152|-1|-1|-1|-1|-1|-1|-1|-1|-1|1
64|320|梅花园|Meihuayuan|0|1|10|-1|-1|-1|-1|-1|-1|-1|-1|-1|-1|1
65|321|京溪南方医院|Jingxi Nanfang Hospital|0|1|10|-1|-1|-1|-1|-1|-1|-1|-1|-1|-1|1
66|322|同和|Tonghe|0|1|10|-1|-1|-1|-1|-1|-1|-1|-1|-1|-1|1
67|323|永泰|Yongtai|0|1|10|-1|-1|-1|-1|-1|-1|-1|-1|-1|-1|1
68|324|白云大道北|Baiyundadaobei|0|1|10|-1|-1|-1|-1|-1|-1|-1|-1|-1|-1|1
69|325|嘉禾望岗|Jiahewanggang|1|3|10|39|329|-1|-1|-1|-1|-1|-1|-1|-1|1
70|326|龙归|Longgui|0|1|10|-1|-1|-1|-1|-1|-1|-1|-1|-1|-1|1
71|327|人和|Renhe|0|1|10|-1|-1|-1|-1|-1|-1|-1|-1|-1|-1|1
72|328|高增|Gaozeng|1|2|10|286|-1|-1|-1|-1|-1|-1|-1|-1|-1|1
73|329|机场南（1号航站楼）|Airport S. (Terminal 1)|0|1|10|-1|-1|-1|-1|-1|-1|-1|-1|-1|-1|1
74|330|机场北（2号航站楼）|Airport N. (Terminal 2)|0|1|10|-1|-1|-1|-1|-1|-1|-1|-1|-1|-1|1
75|0|无|None|0|0|10|-1|-1|-1|-1|-1|-1|-1|-1|-1|-1|0
76|401|南沙客运港|Nansha Passengers Port|0|1|3|-1|-1|-1|-1|-1|-1|-1|-1|-1|-1|1
77|402|南横|Nanheng|0|1|3|-1|-1|-1|-1|-1|-1|-1|-1|-1|-1|1
78|403|塘坑|Tangkeng|0|1|3|-1|-1|-1|-1|-1|-1|-1|-1|-1|-1|1
79|404|大涌|Dachong|0|1|3|-1|-1|-1|-1|-1|-1|-1|-1|-1|-1|1
80|405|广隆|Guanglong|0|1|3|-1|-1|-1|-1|-1|-1|-1|-1|-1|-1|1
81|406|飞沙角|Feishajiao|0|1|3|-1|-1|-1|-1|-1|-1|-1|-1|-1|-1|1
82|407|金洲|Jinzhou|0|1|3|-1|-1|-1|-1|-1|-1|-1|-1|-1|-1|1
83|408|蕉门|Jiaomen|0|1|3|-1|-1|-1|-1|-1|-1|-1|-1|-1|-1|1
84|409|黄阁|Huangge|0|1|3|-1|-1|-1|-1|-1|-1|-1|-1|-1|-1|1
85|410|黄阁汽车城|Huangge Auto Town|0|1|3|-1|-1|-1|-1|-1|-1|-1|-1|-1|-1|1
86|411|庆盛|Qingsheng|0|1|3|-1|-1|-1|-1|-1|-1|-1|-1|-1|-1|1
87|412|东涌|Dongchong|0|1|3|-1|-1|-1|-1|-1|-1|-1|-1|-1|-1|1
88|413|低涌|Dichong|0|1|3|-1|-1|-1|-1|-1|-1|-1|-1|-1|-1|1
89|414|海傍|Haibang|1|2|3|40|-1|-1|-1|-1|-1|-1|-1|-1|-1|1
90|415|石碁|Shiqi|0|1|3|-1|-1|-1|-1|-1|-1|-1|-1|-1|-1|1
91|416|官桥|Guanqiao|0|1|3|-1|-1|-1|-1|-1|-1|-1|-1|-1|-1|0
92|417|新造|Xinzao|0|1|3|-1|-1|-1|-1|-1|-1|-1|-1|-1|-1|1
93|418|大学城南|Higher Education Mega Center S.|1|3|3|181|511|-1|-1|-1|-1|-1|-1|-1|-1|1
94|419|大学城北|Higher Education Mega Center N.|1|2|3|510|-1|-1|-1|-1|-1|-1|-1|-1|-1|1
95|420|官洲|Guanzhou|1|2|3|509|-1|-1|-1|-1|-1|-1|-1|-1|-1|1
96|421|万胜围|Wanshengwei|1|2|3|231|-1|-1|-1|-1|-1|-1|-1|-1|-1|1
97|422|车陂南|Chebeinan|1|2|3|117|-1|-1|-1|-1|-1|-1|-1|-1|-1|1
98|423|车陂|Chebei|1|2|3|541|-1|-1|-1|-1|-1|-1|-1|-1|-1|1
99|424|黄村|Huangcun|1|2|3|353|-1|-1|-1|-1|-1|-1|-1|-1|-1|1
100|501|滘口|Jiaokou|0|1|4|-1|-1|-1|-1|-1|-1|-1|-1|-1|-1|1
101|502|坦尾|Tanwei|1|2|4|137|-1|-1|-1|-1|-1|-1|-1|-1|-1|1
102|503|中山八|Zhongshanba|1|2|4|303|-1|-1|-1|-1|-1|-1|-1|-1|-1|1
103|504|西场|Xichang|0|1|4|-1|-1|-1|-1|-1|-1|-1|-1|-1|-1|1
104|505|西村|Xicun|1|2|4|213|-1|-1|-1|-1|-1|-1|-1|-1|-1|1
105|506|广州火车站|Guangzhou Railway Station|1|2|4|31|-1|-1|-1|-1|-1|-1|-1|-1|-1|1
106|507|小北|Xiaobei|0|1|4|-1|-1|-1|-1|-1|-1|-1|-1|-1|-1|1
107|508|淘金|Taojin|0|1|4|-1|-1|-1|-1|-1|-1|-1|-1|-1|-1|1
108|509|区庄|Ouzhuang|1|2|4|147|-1|-1|-1|-1|-1|-1|-1|-1|-1|1
109|510|动物园|Zoo|0|1|4|-1|-1|-1|-1|-1|-1|-1|-1|-1|-1|1
110|511|杨箕|Yangji|1|2|4|12|-1|-1|-1|-1|-1|-1|-1|-1|-1|1
111|512|五羊邨|Wuyangcun|1|2|4|475|-1|-1|-1|-1|-1|-1|-1|-1|-1|1
112|513|珠江新城|Zhujiang New Town|1|2|4|54|-1|-1|-1|-1|-1|-1|-1|-1|-1|1
113|514|猎德|Liede|0|1|4|-1|-1|-1|-1|-1|-1|-1|-1|-1|-1|1
114|515|潭村|Tancun|0|1|4|-1|-1|-1|-1|-1|-1|-1|-1|-1|-1|1
115|516|员村|Yuancun|1|2|4|289|-1|-1|-1|-1|-1|-1|-1|-1|-1|1
116|517|科韵路|Keyun Lu|0|1|4|-1|-1|-1|-1|-1|-1|-1|-1|-1|-1|1
117|518|车陂南|Chebeinan|1|2|4|97|-1|-1|-1|-1|-1|-1|-1|-1|-1|1
118|519|东圃|Dongpu|0|1|4|-1|-1|-1|-1|-1|-1|-1|-1|-1|-1|1
119|520|三溪|Sanxi|0|1|4|-1|-1|-1|-1|-1|-1|-1|-1|-1|-1|1
120|521|鱼珠|Yuzhu|1|2|4|543|-1|-1|-1|-1|-1|-1|-1|-1|-1|1
121|522|大沙地|Dashadi|0|1|4|-1|-1|-1|-1|-1|-1|-1|-1|-1|-1|1
122|523|大沙东|Dashadong|1|2|4|186|-1|-1|-1|-1|-1|-1|-1|-1|-1|1
123|524|文冲|Wenchong|0|1|4|-1|-1|-1|-1|-1|-1|-1|-1|-1|-1|1
124|525|双沙|Shuangsha|0|1|4|-1|-1|-1|-1|-1|-1|-1|-1|-1|-1|1
125|526|庙头|Miaotou|0|1|4|-1|-1|-1|-1|-1|-1|-1|-1|-1|-1|1
126|527|夏园|Xiayuan|1|2|4|547|-1|-1|-1|-1|-1|-1|-1|-1|-1|1
127|528|保盈大道|Baoying Dadao|0|1|4|-1|-1|-1|-1|-1|-1|-1|-1|-1|-1|1
128|529|夏港|Xiagang|0|1|4|-1|-1|-1|-1|-1|-1|-1|-1|-1|-1|1
129|530|黄埔新港|Huangpu New Port|0|1|4|-1|-1|-1|-1|-1|-1|-1|-1|-1|-1|1
130|0|无|None|0|0|4|-1|-1|-1|-1|-1|-1|-1|-1|-1|-1|0
131|0|无|None|0|0|4|-1|-1|-1|-1|-1|-1|-1|-1|-1|-1|0
132|0|无|None|0|0|4|-1|-1|-1|-1|-1|-1|-1|-1|-1|-1|0
133|601|浔峰岗|Xunfenggang|1|2|5|487|-1|-1|-1|-1|-1|-1|-1|-1|-1|1
134|602|横沙|Hengsha|0|1|5|-1|-1|-1|-1|-1|-1|-1|-1|-1|-1|1
135|603|沙贝|Shabei|0|1|5|-1|-1|-1|-1|-1|-1|-1|-1|-1|-1|1
136|604|河沙|Hesha|0|1|5|-1|-1|-1|-1|-1|-1|-1|-1|-1|-1|1
137|605|坦尾|Tanwei|1|2|5|101|-1|-1|-1|-1|-1|-1|-1|-1|-1|1
138|606|如意坊|Ruyifang|1|2|5|304|-1|-1|-1|-1|-1|-1|-1|-1|-1|1
139|607|黄沙|Huangsha|1|2|5|4|-1|-1|-1|-1|-1|-1|-1|-1|-1|1
140|608|文化公园|Cultural Park|1|2|5|217|-1|-1|-1|-1|-1|-1|-1|-1|-1|1
141|609|一德路|Yide Lu|0|1|5|-1|-1|-1|-1|-1|-1|-1|-1|-1|-1|1
142|610|海珠广场|Haizhu Square|1|2|5|27|-1|-1|-1|-1|-1|-1|-1|-1|-1|1
143|611|北京路|Beijing Lu|0|1|5|-1|-1|-1|-1|-1|-1|-1|-1|-1|-1|1
144|612|团一大广场|Tuanyida Square|0|1|5|-1|-1|-1|-1|-1|-1|-1|-1|-1|-1|1
145|613|东湖|Donghu|1|2|5|474|-1|-1|-1|-1|-1|-1|-1|-1|-1|1
146|614|东山口|Dongshankou|1|2|5|11|-1|-1|-1|-1|-1|-1|-1|-1|-1|1
147|615|区庄|Ouzhuang|1|2|5|108|-1|-1|-1|-1|-1|-1|-1|-1|-1|1
148|616|黄花岗|Huanghuagang|0|1|5|-1|-1|-1|-1|-1|-1|-1|-1|-1|-1|1
149|617|沙河顶|Shaheding|0|1|5|-1|-1|-1|-1|-1|-1|-1|-1|-1|-1|1
150|618|沙河|Shahe|1|2|5|295|-1|-1|-1|-1|-1|-1|-1|-1|-1|1
151|619|天平架|Tianpingjia|0|1|5|-1|-1|-1|-1|-1|-1|-1|-1|-1|-1|1
152|620|燕塘|Yantang|1|2|5|63|-1|-1|-1|-1|-1|-1|-1|-1|-1|1
153|621|天河客运站|Tianhe Coach Terminal|1|2|5|60|-1|-1|-1|-1|-1|-1|-1|-1|-1|1
154|622|长湴|Changban|0|1|5|-1|-1|-1|-1|-1|-1|-1|-1|-1|-1|1
155|623|植物园|Botanical Garden|0|1|5|-1|-1|-1|-1|-1|-1|-1|-1|-1|-1|1
156|624|龙洞|Longdong|0|1|5|-1|-1|-1|-1|-1|-1|-1|-1|-1|-1|1
157|625|柯木塱|Kemulang|0|1|5|-1|-1|-1|-1|-1|-1|-1|-1|-1|-1|1
158|626|高塘石|Gaotangshi|0|1|5|-1|-1|-1|-1|-1|-1|-1|-1|-1|-1|1
159|627|黄陂|Huangbei|0|1|5|-1|-1|-1|-1|-1|-1|-1|-1|-1|-1|1
160|628|金峰|Jinfeng|0|1|5|-1|-1|-1|-1|-1|-1|-1|-1|-1|-1|1
161|629|暹岗|Xiangang|0|1|5|-1|-1|-1|-1|-1|-1|-1|-1|-1|-1|1
162|630|苏元|Suyuan|1|2|5|358|-1|-1|-1|-1|-1|-1|-1|-1|-1|1
163|631|萝岗|Luogang|1|2|5|190|-1|-1|-1|-1|-1|-1|-1|-1|-1|1
164|632|香雪|Xiangxue|0|1|5|-1|-1|-1|-1|-1|-1|-1|-1|-1|-1|1
165|701-8|美的大道|Meidi Dadao|0|1|6|-1|-1|-1|-1|-1|-1|-1|-1|-1|-1|1
166|701-7|北滘公园|Beijiao Park|1|2|6|424|-1|-1|-1|-1|-1|-1|-1|-1|-1|1
167|701-6|美的|Midea|0|1|6|-1|-1|-1|-1|-1|-1|-1|-1|-1|-1|1
168|701-5|南涌|Nanchong|0|1|6|-1|-1|-1|-1|-1|-1|-1|-1|-1|-1|1
169|701-4|锦龙|Jinlong|0|1|6|-1|-1|-1|-1|-1|-1|-1|-1|-1|-1|1
170|701-3|陈村|Chencun|0|1|6|-1|-1|-1|-1|-1|-1|-1|-1|-1|-1|1
171|701-2|陈村北|Chencunbei|0|1|6|-1|-1|-1|-1|-1|-1|-1|-1|-1|-1|1
172|701-1|大洲|Dazhou|0|1|6|-1|-1|-1|-1|-1|-1|-1|-1|-1|-1|1
173|701|广州南站|Guangzhou South Railway Station|1|4|6|16|566|411|-1|-1|-1|-1|-1|-1|-1|1
174|702|石壁|Shibi|1|2|6|17|-1|-1|-1|-1|-1|-1|-1|-1|-1|1
175|703|谢村|Xiecun|0|1|6|-1|-1|-1|-1|-1|-1|-1|-1|-1|-1|1
176|704|钟村|Zhongcun|0|1|6|-1|-1|-1|-1|-1|-1|-1|-1|-1|-1|1
177|705|汉溪长隆|Hanxi Changlong|1|2|6|47|-1|-1|-1|-1|-1|-1|-1|-1|-1|1
178|706|南村万博|Nancun Wanbo|1|2|6|345|-1|-1|-1|-1|-1|-1|-1|-1|-1|1
179|707|员岗|Yuangang|0|1|6|-1|-1|-1|-1|-1|-1|-1|-1|-1|-1|1
180|708|板桥|Banqiao|0|1|6|-1|-1|-1|-1|-1|-1|-1|-1|-1|-1|1
181|709|大学城南|Higher Education Mega Center S.|1|3|6|93|511|-1|-1|-1|-1|-1|-1|-1|-1|1
182|710|深井|Shenjing|0|1|6|-1|-1|-1|-1|-1|-1|-1|-1|-1|-1|1
183|711|长洲|Changzhou|0|1|6|-1|-1|-1|-1|-1|-1|-1|-1|-1|-1|1
184|712|洪圣沙|Hongshengsha|0|0|6|-1|-1|-1|-1|-1|-1|-1|-1|-1|-1|0
185|713|裕丰围|Yufengwei|1|2|6|544|-1|-1|-1|-1|-1|-1|-1|-1|-1|1
186|714|大沙东|Dashadong|1|2|6|122|-1|-1|-1|-1|-1|-1|-1|-1|-1|1
187|715|姬堂|Jitang|0|1|6|-1|-1|-1|-1|-1|-1|-1|-1|-1|-1|1
188|716|加庄|Jiazhuang|0|1|6|-1|-1|-1|-1|-1|-1|-1|-1|-1|-1|1
189|717|科丰路|Kefeng Lu|0|1|6|-1|-1|-1|-1|-1|-1|-1|-1|-1|-1|1
190|718|萝岗|Luogang|1|2|6|163|-1|-1|-1|-1|-1|-1|-1|-1|-1|1
191|719|水西|Shuixi|1|2|6|359|-1|-1|-1|-1|-1|-1|-1|-1|-1|1
192|720|燕山|Yanshan|0|1|6|-1|-1|-1|-1|-1|-1|-1|-1|-1|-1|1
193||无|None|0|0|6|-1|-1|-1|-1|-1|-1|-1|-1|-1|-1|0
194||无|None|0|0|7|-1|-1|-1|-1|-1|-1|-1|-1|-1|-1|0
195||无|None|0|0|7|-1|-1|-1|-1|-1|-1|-1|-1|-1|-1|0
196||无|None|0|0|7|-1|-1|-1|-1|-1|-1|-1|-1|-1|-1|0
197||无|None|0|0|7|-1|-1|-1|-1|-1|-1|-1|-1|-1|-1|0
198||无|None|0|0|7|-1|-1|-1|-1|-1|-1|-1|-1|-1|-1|0
199||无|None|0|0|7|-1|-1|-1|-1|-1|-1|-1|-1|-1|-1|0
200||无|None|0|0|7|-1|-1|-1|-1|-1|-1|-1|-1|-1|-1|0
201||无|None|0|0|7|-1|-1|-1|-1|-1|-1|-1|-1|-1|-1|0
202||无|None|0|0|7|-1|-1|-1|-1|-1|-1|-1|-1|-1|-1|0
203||无|None|0|0|7|-1|-1|-1|-1|-1|-1|-1|-1|-1|-1|0
204|801|滘心|Jiaoxin|0|1|7|-1|-1|-1|-1|-1|-1|-1|-1|-1|-1|1
205|802|亭岗|Tinggang|0|1|7|-1|-1|-1|-1|-1|-1|-1|-1|-1|-1|1
206|803|石井|Shijing|0|1|7|-1|-1|-1|-1|-1|-1|-1|-1|-1|-1|1
207|804|小坪|Xiaoping|0|1|7|-1|-1|-1|-1|-1|-1|-1|-1|-1|-1|1
208|805|石潭（广州白云站）|Shitan (Guangzhoubaiyun Railway Station)|0|1|7|-1|-1|-1|-1|-1|-1|-1|-1|-1|-1|1
209|806|聚龙|Julong|1|2|7|490|-1|-1|-1|-1|-1|-1|-1|-1|-1|1
210|807|上步|Shangbu|0|1|7|-1|-1|-1|-1|-1|-1|-1|-1|-1|-1|1
211|808|同德|Tongde|0|1|7|-1|-1|-1|-1|-1|-1|-1|-1|-1|-1|1
212|809|鹅掌坦|Ezhangtan|0|1|7|-1|-1|-1|-1|-1|-1|-1|-1|-1|-1|1
213|810|西村|Xicun|1|2|7|104|-1|-1|-1|-1|-1|-1|-1|-1|-1|1
214|811|彩虹桥|Caihong Bridge|1|2|7|302|-1|-1|-1|-1|-1|-1|-1|-1|-1|1
215|812|陈家祠|Chen Clan Academy|1|2|7|6|-1|-1|-1|-1|-1|-1|-1|-1|-1|1
216|813|华林寺|Hualinsi Buddhist Temple|0|1|7|-1|-1|-1|-1|-1|-1|-1|-1|-1|-1|1
217|814|文化公园|Cultural Park|1|2|7|140|-1|-1|-1|-1|-1|-1|-1|-1|-1|1
218|815|同福西|Tongfuxi|0|1|7|-1|-1|-1|-1|-1|-1|-1|-1|-1|-1|1
219|816|凤凰新村|Fenghuang Xincun|0|1|7|-1|-1|-1|-1|-1|-1|-1|-1|-1|-1|1
220|817|沙园|Shayuan|1|2|7|262|-1|-1|-1|-1|-1|-1|-1|-1|-1|1
221|818|宝岗大道|Baogang Dadao|0|1|7|-1|-1|-1|-1|-1|-1|-1|-1|-1|-1|1
222|819|昌岗|Changgang|1|2|7|24|-1|-1|-1|-1|-1|-1|-1|-1|-1|1
223|820|晓港|Xiaogang|0|1|7|-1|-1|-1|-1|-1|-1|-1|-1|-1|-1|1
224|821|中大|Sun Yat-sen University|0|1|7|-1|-1|-1|-1|-1|-1|-1|-1|-1|-1|1
225|822|鹭江|Lujiang|0|1|7|-1|-1|-1|-1|-1|-1|-1|-1|-1|-1|1
226|823|客村|Kecun|1|2|7|52|-1|-1|-1|-1|-1|-1|-1|-1|-1|1
227|824|赤岗|Chigang|0|1|7|-1|-1|-1|-1|-1|-1|-1|-1|-1|-1|1
228|825|磨碟沙|Modiesha|1|2|7|348|-1|-1|-1|-1|-1|-1|-1|-1|-1|1
229|826|新港东|Xingangdong|0|1|7|-1|-1|-1|-1|-1|-1|-1|-1|-1|-1|1
230|827|琶洲|Pazhou|1|2|7|288|-1|-1|-1|-1|-1|-1|-1|-1|-1|1
231|828|万胜围|Wanshengwei|1|2|7|96|-1|-1|-1|-1|-1|-1|-1|-1|-1|1
232|0|无|None|0|0|7|-1|-1|-1|-1|-1|-1|-1|-1|-1|-1|0
233|0|无|None|0|0|7|-1|-1|-1|-1|-1|-1|-1|-1|-1|-1|0
234|0|无|None|0|0|7|-1|-1|-1|-1|-1|-1|-1|-1|-1|-1|0
235|0|无|None|0|0|7|-1|-1|-1|-1|-1|-1|-1|-1|-1|-1|0
236|0|无|None|0|0|7|-1|-1|-1|-1|-1|-1|-1|-1|-1|-1|0
237|0|无|None|0|0|7|-1|-1|-1|-1|-1|-1|-1|-1|-1|-1|0
238|0|无|None|0|0|7|-1|-1|-1|-1|-1|-1|-1|-1|-1|-1|0
239|0|无|None|0|0|7|-1|-1|-1|-1|-1|-1|-1|-1|-1|-1|0
240|0|无|None|0|0|7|-1|-1|-1|-1|-1|-1|-1|-1|-1|-1|0
241|0|无|None|0|0|7|-1|-1|-1|-1|-1|-1|-1|-1|-1|-1|0
242|GF01|新城东|Xincheng Dong|0|1|8|-1|-1|-1|-1|-1|-1|-1|-1|-1|-1|1
243|GF02|东平|Dongping|1|2|8|430|-1|-1|-1|-1|-1|-1|-1|-1|-1|1
244|GF03|世纪莲|Shijilian|0|1|8|-1|-1|-1|-1|-1|-1|-1|-1|-1|-1|1
245|GF04|澜石|Lanshi|0|1|8|-1|-1|-1|-1|-1|-1|-1|-1|-1|-1|1
246|GF05|魁奇路|Kuiqi Lu|1|2|8|402|-1|-1|-1|-1|-1|-1|-1|-1|-1|1
247|GF06|季华园|Jihua Park|0|1|8|-1|-1|-1|-1|-1|-1|-1|-1|-1|-1|1
248|GF07|同济路|Tongji Lu|0|1|8|-1|-1|-1|-1|-1|-1|-1|-1|-1|-1|1
249|GF08|祖庙|Zumiao|0|1|8|-1|-1|-1|-1|-1|-1|-1|-1|-1|-1|1
250|GF09|普君北路|Pujun Beilu|0|1|8|-1|-1|-1|-1|-1|-1|-1|-1|-1|-1|1
251|GF10|朝安|Chao'an|0|1|8|-1|-1|-1|-1|-1|-1|-1|-1|-1|-1|1
252|GF11|桂城|Guicheng|1|2|8|435|-1|-1|-1|-1|-1|-1|-1|-1|-1|1
253|GF12|南桂路|Nangui Lu|0|1|8|-1|-1|-1|-1|-1|-1|-1|-1|-1|-1|1
254|GF13|（虫雷）岗|Leigang|1|2|8|-1|-1|-1|-1|-1|450|-1|-1|-1|-1|1
255|GF14|千灯湖|Qiandeng Lake|0|1|8|-1|-1|-1|-1|-1|-1|-1|-1|-1|-1|1
256|GF15|金融高新区|Financial Hi-Tech Zone|0|1|8|-1|-1|-1|-1|-1|-1|-1|-1|-1|-1|1
257|GF16|龙溪|Longxi|0|1|8|-1|-1|-1|-1|-1|-1|-1|-1|-1|-1|1
258|GF17|菊树|Jushu|0|1|8|-1|-1|-1|-1|-1|-1|-1|-1|-1|-1|1
259|GF18|西塱|Xilang|1|4|8|0|465|570|-1|-1|-1|-1|-1|-1|-1|1
260|GF19|鹤洞|Hedong|0|1|8|-1|-1|-1|-1|-1|-1|-1|-1|-1|-1|1
261|GF20|沙涌|Shachong|1|2|8|308|-1|-1|-1|-1|-1|-1|-1|-1|-1|1
262|GF21|沙园|Shayuan|1|2|8|220|-1|-1|-1|-1|-1|-1|-1|-1|-1|1
263|GF22|燕岗|Yangang|1|2|8|311|-1|-1|-1|-1|-1|-1|-1|-1|-1|1
264|GF23|石溪|Shixi|0|1|8|-1|-1|-1|-1|-1|-1|-1|-1|-1|-1|1
265|GF24|南洲|Nanzhou|1|2|8|21|-1|-1|-1|-1|-1|-1|-1|-1|-1|1
266|GF25|沥滘|Lijiao|1|2|8|50|-1|-1|-1|-1|-1|-1|-1|-1|-1|1
267|APM01|广州塔|Canton Tower|1|2|9|-1|-1|-1|-1|-1|53|-1|-1|-1|-1|1
268|APM02|海心沙|Haixinsha|0|1|9|-1|-1|-1|-1|-1|-1|-1|-1|-1|-1|1
269|APM03|大剧院|Guangzhou Opera House|0|1|9|-1|-1|-1|-1|-1|-1|-1|-1|-1|-1|1
270|APM04|花城大道|Huacheng Dadao|0|1|9|-1|-1|-1|-1|-1|-1|-1|-1|-1|-1|1
271|APM05|妇儿中心|Guangzhou Women and Children's Medical Center|0|1|9|-1|-1|-1|-1|-1|-1|-1|-1|-1|-1|1
272|APM06|黄埔大道|Huangpu Dadao|0|1|9|-1|-1|-1|-1|-1|-1|-1|-1|-1|-1|1
273|APM07|天河南|Tianhenan|0|1|9|-1|-1|-1|-1|-1|-1|-1|-1|-1|-1|1
274|APM08|体育中心南|Tianhe Sports Center South|0|1|9|-1|-1|-1|-1|-1|-1|-1|-1|-1|-1|1
275|APM09|林和西|Linhexi|1|2|9|-1|-1|-1|-1|-1|61|-1|-1|-1|-1|1
276|901|飞鹅岭|Fei'eling|0|1|11|-1|-1|-1|-1|-1|-1|-1|-1|-1|-1|1
277|902|花都汽车城|Huadu Autocity|0|1|11|-1|-1|-1|-1|-1|-1|-1|-1|-1|-1|1
278|903|广州北站|Guangzhou North Railway Station|0|1|11|-1|-1|-1|-1|-1|-1|-1|-1|-1|-1|1
279|904|花城路|Huachenglu|0|1|11|-1|-1|-1|-1|-1|-1|-1|-1|-1|-1|1
280|905|花果山公园|Huaguoshan Park|0|1|11|-1|-1|-1|-1|-1|-1|-1|-1|-1|-1|1
281|906|花都广场|Huadu Square|0|1|11|-1|-1|-1|-1|-1|-1|-1|-1|-1|-1|1
282|907|马鞍山公园|Ma'anshan Park|0|1|11|-1|-1|-1|-1|-1|-1|-1|-1|-1|-1|1
283|908|莲塘|Liantang|0|1|11|-1|-1|-1|-1|-1|-1|-1|-1|-1|-1|1
284|909|清㘵|Qingbu|0|1|11|-1|-1|-1|-1|-1|-1|-1|-1|-1|-1|1
285|910|清塘|Qingtang|0|1|11|-1|-1|-1|-1|-1|-1|-1|-1|-1|-1|1
286|911|高增|Gaozeng|1|2|11|72|-1|-1|-1|-1|-1|-1|-1|-1|-1|1
287|1101|赤沙|Chisha|1|2|12|507|-1|-1|-1|-1|-1|-1|-1|-1|-1|1
288|1102|琶洲|Pazhou|1|2|12|230|-1|-1|-1|-1|-1|-1|-1|-1|-1|1
289|1103|员村|Yuancun|1|2|12|115|-1|-1|-1|-1|-1|-1|-1|-1|-1|1
290|1104|天河公园|Tianhe Park|1|3|12|351|539|-1|-1|-1|-1|-1|-1|-1|-1|1
291|1105|华景路|Huajing Road|0|1|12|-1|-1|-1|-1|-1|-1|-1|-1|-1|-1|1
292|1106|华师|South China Normal University|1|2|12|58|-1|-1|-1|-1|-1|-1|-1|-1|-1|1
293|1107|龙口西|Longkou West|0|1|12|-1|-1|-1|-1|-1|-1|-1|-1|-1|-1|1
294|1108|广州东站|Guangzhou East Railway Station|1|3|12|-1|-1|-1|-1|-1|-1|-1|-1|-1|-1|0
295|1109|沙河|Shahe|1|2|12|150|-1|-1|-1|-1|-1|-1|-1|-1|-1|1
296|1110|云台花园|Yuntai Garden|0|1|12|-1|-1|-1|-1|-1|-1|-1|-1|-1|-1|1
297|1111|大金钟路|Dajinzhong Road|0|1|12|-1|-1|-1|-1|-1|-1|-1|-1|-1|-1|1
298|1112|中医药大学|Guangzhou University of Chinese Medcine|0|1|12|-1|-1|-1|-1|-1|-1|-1|-1|-1|-1|1
299|1113|梓元岗|Ziyuangang|0|1|12|-1|-1|-1|-1|-1|-1|-1|-1|-1|-1|1
300|1114|广州火车站|Guangzhou Railway Station|1|3|12|-1|-1|-1|-1|-1|-1|-1|-1|-1|-1|0
301|1115|流花|Liuhua|0|1|12|-1|-1|-1|-1|-1|-1|-1|-1|-1|-1|1
302|1116|彩虹桥|Caihong Bridge|1|2|12|214|-1|-1|-1|-1|-1|-1|-1|-1|-1|1
303|1117|中山八|Zhongshanba|1|2|12|102|-1|-1|-1|-1|-1|-1|-1|-1|-1|1
304|1118|如意坊|Ruyifang|1|2|12|138|-1|-1|-1|-1|-1|-1|-1|-1|-1|1
305|1119|石围塘|Shiweitang|0|1|12|-1|-1|-1|-1|-1|-1|-1|-1|-1|-1|1
306|1120|芳村|Fangcun|1|3|12|3|571|-1|-1|-1|-1|-1|-1|-1|-1|1
307|1121|大冲口|Dachongkou|0|1|12|-1|-1|-1|-1|-1|-1|-1|-1|-1|-1|1
308|1122|沙涌|Shachong|1|2|12|261|-1|-1|-1|-1|-1|-1|-1|-1|-1|1
309|1123|鹤洞东|Hedong East|0|1|12|-1|-1|-1|-1|-1|-1|-1|-1|-1|-1|1
310|1124|棣园|Diyuan|0|1|12|-1|-1|-1|-1|-1|-1|-1|-1|-1|-1|1
311|1125|燕岗|Yangang|1|2|12|263|-1|-1|-1|-1|-1|-1|-1|-1|-1|1
312|1126|江泰路|Jiangtai Road|1|2|12|23|-1|-1|-1|-1|-1|-1|-1|-1|-1|1
313|1127|五凤|Wufeng|1|2|12|471|-1|-1|-1|-1|-1|-1|-1|-1|-1|1
314|1128|逸景路|Yijing Road|0|1|12|-1|-1|-1|-1|-1|-1|-1|-1|-1|-1|1
315|1129|上涌|Shangchong|0|1|12|-1|-1|-1|-1|-1|-1|-1|-1|-1|-1|1
316|1130|大塘|Datang|1|2|12|51|-1|-1|-1|-1|-1|-1|-1|-1|-1|1
317|1131|龙潭|Longtan|1|2|12|347|-1|-1|-1|-1|-1|-1|-1|-1|-1|1
318|0|无|None|0|0|0|-1|-1|-1|-1|-1|-1|-1|-1|-1|-1|0
319|0|无|None|0|0|0|-1|-1|-1|-1|-1|-1|-1|-1|-1|-1|0
320|0|无|None|0|0|0|-1|-1|-1|-1|-1|-1|-1|-1|-1|-1|0
321|1401|广州火车站|Guangzhou Railway Station|1|4|14|-1|-1|-1|-1|-1|-1|-1|-1|-1|-1|0
322|1402|乐嘉路|Lejia Road|0|1|14|-1|-1|-1|-1|-1|-1|-1|-1|-1|-1|1
323|1403|云霄路|Yunxiao Road|0|1|14|-1|-1|-1|-1|-1|-1|-1|-1|-1|-1|1
324|1404|新市墟|Xinshixu|1|2|14|493|-1|-1|-1|-1|-1|-1|-1|-1|-1|1
325|1405|马务|Mawu|0|1|14|-1|-1|-1|-1|-1|-1|-1|-1|-1|-1|1
326|1406|鹤边|Hebian|0|1|14|-1|-1|-1|-1|-1|-1|-1|-1|-1|-1|1
327|1407|鹤龙|Helong|0|1|14|-1|-1|-1|-1|-1|-1|-1|-1|-1|-1|1
328|1408|彭边|Pengbian|0|1|14|-1|-1|-1|-1|-1|-1|-1|-1|-1|-1|1
329|1409|嘉禾望岗|Jiahewanggang|1|3|14|39|69|-1|-1|-1|-1|-1|-1|-1|-1|1
330|1410|白云东平|Baiyun Dongping|0|1|14|-1|-1|-1|-1|-1|-1|-1|-1|-1|-1|1
331|1411|夏良|Xialiang|0|1|14|-1|-1|-1|-1|-1|-1|-1|-1|-1|-1|1
332|1412|太和|Taihe|0|1|14|-1|-1|-1|-1|-1|-1|-1|-1|-1|-1|1
333|1413|竹料|Zhuliao|0|1|14|-1|-1|-1|-1|-1|-1|-1|-1|-1|-1|1
334|1414|钟落潭|Zhongluotan|0|1|14|-1|-1|-1|-1|-1|-1|-1|-1|-1|-1|1
335|1415|马沥|Mali|0|1|14|-1|-1|-1|-1|-1|-1|-1|-1|-1|-1|1
336|1416|新和|Xinhe|1|2|14|375|-1|-1|-1|-1|-1|-1|-1|-1|-1|1
337|1417|太平|Taiping|0|1|14|-1|-1|-1|-1|-1|-1|-1|-1|-1|-1|1
338|1418|神岗|Shengang|0|1|14|-1|-1|-1|-1|-1|-1|-1|-1|-1|-1|1
339|1419|赤草|Chicao|0|1|14|-1|-1|-1|-1|-1|-1|-1|-1|-1|-1|1
340|1420|从化客运站|Conghua Coach Terminal|0|1|14|-1|-1|-1|-1|-1|-1|-1|-1|-1|-1|1
341|1421|东风|Dongfeng|0|1|14|-1|-1|-1|-1|-1|-1|-1|-1|-1|-1|1
342|1801|万顷沙|Wanqingsha|0|1|15|-1|-1|-1|-1|-1|-1|-1|-1|-1|-1|1
343|1802|横沥|Hengli|0|1|15|-1|-1|-1|-1|-1|-1|-1|-1|-1|-1|1
344|1803|番禺广场|Panyu Square|1|3|15|45|564|-1|-1|-1|-1|-1|-1|-1|-1|1
345|1804|南村万博|Nancun Wanbo|1|2|15|178|-1|-1|-1|-1|-1|-1|-1|-1|-1|1
346|1805|沙溪|Shaxi|0|1|15|-1|-1|-1|-1|-1|-1|-1|-1|-1|-1|1
347|1806|龙潭|Longtan|1|2|15|317|-1|-1|-1|-1|-1|-1|-1|-1|-1|1
348|1807|磨碟沙|Modiesha|1|2|15|228|-1|-1|-1|-1|-1|-1|-1|-1|-1|1
349|1808|冼村|Xiancun|0|1|15|-1|-1|-1|-1|-1|-1|-1|-1|-1|-1|1
350|1809|广州东站|Guangzhou East Railway Station|1|3|15|-1|-1|-1|-1|-1|-1|-1|-1|-1|-1|0
351|2102|天河公园|Tianhe Park|1|3|16|290|539|-1|-1|-1|-1|-1|-1|-1|-1|1
352|2103|棠东|Tangdong|0|1|16|-1|-1|-1|-1|-1|-1|-1|-1|-1|-1|1
353|2104|黄村|Huangcun|1|2|16|99|-1|-1|-1|-1|-1|-1|-1|-1|-1|1
354|2105|大观南路|Daguannanlu|0|1|16|-1|-1|-1|-1|-1|-1|-1|-1|-1|-1|1
355|2106|天河智慧城|Tianhe Smart City|0|1|16|-1|-1|-1|-1|-1|-1|-1|-1|-1|-1|1
356|2107|神舟路|Shenzhoulu|0|1|16|-1|-1|-1|-1|-1|-1|-1|-1|-1|-1|1
357|2108|科学城|Science City|0|1|16|-1|-1|-1|-1|-1|-1|-1|-1|-1|-1|1
358|2109|苏元|Suyuan|1|2|16|162|-1|-1|-1|-1|-1|-1|-1|-1|-1|1
359|2110|水西|Shuixi|1|2|16|191|-1|-1|-1|-1|-1|-1|-1|-1|-1|1
360|2111|长平|Changping|0|1|16|-1|-1|-1|-1|-1|-1|-1|-1|-1|-1|1
361|2112|金坑|Jinkeng|0|1|16|-1|-1|-1|-1|-1|-1|-1|-1|-1|-1|1
362|2113|镇龙西|Zhenlongxi|0|1|16|-1|-1|-1|-1|-1|-1|-1|-1|-1|-1|1
363|2114|镇龙|Zhenlong|1|2|16|384|-1|-1|-1|-1|-1|-1|-1|-1|-1|1
364|2115|中新|Zhongxin|0|1|16|-1|-1|-1|-1|-1|-1|-1|-1|-1|-1|1
365|2116|坑贝|Kengbei|0|1|16|-1|-1|-1|-1|-1|-1|-1|-1|-1|-1|1
366|2117|凤岗|Fenggang|0|1|16|-1|-1|-1|-1|-1|-1|-1|-1|-1|-1|1
367|2118|朱村|Zhucun|0|1|16|-1|-1|-1|-1|-1|-1|-1|-1|-1|-1|1
368|2119|山田|Shantian|0|1|16|-1|-1|-1|-1|-1|-1|-1|-1|-1|-1|1
369|2120|钟岗|Zhonggang|0|1|16|-1|-1|-1|-1|-1|-1|-1|-1|-1|-1|1
370|2121|增城广场|Zengcheng Square|0|1|16|-1|-1|-1|-1|-1|-1|-1|-1|-1|-1|1
371|0|无|None|0|0|0|-1|-1|-1|-1|-1|-1|-1|-1|-1|-1|0
372|0|无|None|0|0|0|-1|-1|-1|-1|-1|-1|-1|-1|-1|-1|0
373|0|无|None|0|0|0|-1|-1|-1|-1|-1|-1|-1|-1|-1|-1|0
374|0|无|None|0|0|0|-1|-1|-1|-1|-1|-1|-1|-1|-1|-1|0
375|1408|新和|Xinhe|1|2|18|336|-1|-1|-1|-1|-1|-1|-1|-1|-1|1
376|1414|红卫|Hongwei|0|1|18|-1|-1|-1|-1|-1|-1|-1|-1|-1|-1|1
377|1415|新南|Xinnan|0|1|18|-1|-1|-1|-1|-1|-1|-1|-1|-1|-1|1
378|1416|枫下|Fengxia|0|1|18|-1|-1|-1|-1|-1|-1|-1|-1|-1|-1|1
379|1417|知识城|Sino-Singapore Guangzhou Knowledge City|0|1|18|-1|-1|-1|-1|-1|-1|-1|-1|-1|-1|1
380|1418|何棠下|Hetangxia|0|1|18|-1|-1|-1|-1|-1|-1|-1|-1|-1|-1|1
381|1419|旺村|Wangcun|0|1|18|-1|-1|-1|-1|-1|-1|-1|-1|-1|-1|1
382|1420|汤村|Tangcun|0|1|18|-1|-1|-1|-1|-1|-1|-1|-1|-1|-1|1
383|1421|镇龙北|Zhenlongbei|0|1|18|-1|-1|-1|-1|-1|-1|-1|-1|-1|-1|1
384|1422|镇龙|Zhenlong|1|2|18|363|-1|-1|-1|-1|-1|-1|-1|-1|-1|1
385|0|无|None|0|0|19|-1|-1|-1|-1|-1|-1|-1|-1|-1|-1|0
386|0|无|None|0|0|19|-1|-1|-1|-1|-1|-1|-1|-1|-1|-1|0
387|0|无|None|0|0|19|-1|-1|-1|-1|-1|-1|-1|-1|-1|-1|0
388|0|无|None|0|0|19|-1|-1|-1|-1|-1|-1|-1|-1|-1|-1|0
389|0|无|None|0|0|19|-1|-1|-1|-1|-1|-1|-1|-1|-1|-1|0
390|0|无|None|0|0|19|-1|-1|-1|-1|-1|-1|-1|-1|-1|-1|0
391|0|无|None|0|0|19|-1|-1|-1|-1|-1|-1|-1|-1|-1|-1|0
392|0|无|None|0|0|19|-1|-1|-1|-1|-1|-1|-1|-1|-1|-1|0
393|0|无|None|0|0|19|-1|-1|-1|-1|-1|-1|-1|-1|-1|-1|0
394|0|无|None|0|0|19|-1|-1|-1|-1|-1|-1|-1|-1|-1|-1|0
395|F211|南庄|Nanzhuang|0|1|19|-1|-1|-1|-1|-1|-1|-1|-1|-1|-1|1
396|F212|湖涌|Huchong|0|1|19|-1|-1|-1|-1|-1|-1|-1|-1|-1|-1|1
397|F213|绿岛湖|Lvdao Lake|0|1|19|-1|-1|-1|-1|-1|-1|-1|-1|-1|-1|1
398|F214|智慧新城|Zhihui Xincheng|0|1|19|-1|-1|-1|-1|-1|-1|-1|-1|-1|-1|1
399|F215|张槎|Zhangcha|0|1|19|-1|-1|-1|-1|-1|-1|-1|-1|-1|-1|1
400|F216|石湾|Shiwan|0|1|19|-1|-1|-1|-1|-1|-1|-1|-1|-1|-1|1
401|F217|沙岗|Shagang|0|1|19|-1|-1|-1|-1|-1|-1|-1|-1|-1|-1|1
402|F218|魁奇路|Kuiqi Lu|1|2|19|246|-1|-1|-1|-1|-1|-1|-1|-1|-1|1
403|F219|石梁|Shiliang|0|1|19|-1|-1|-1|-1|-1|-1|-1|-1|-1|-1|1
404|F220|湾华|Wanhua|1|2|19|431|-1|-1|-1|-1|-1|-1|-1|-1|-1|1
405|F221|登洲|Dengzhou|0|1|19|-1|-1|-1|-1|-1|-1|-1|-1|-1|-1|1
406|F222|花卉世界|Flower World|0|1|19|-1|-1|-1|-1|-1|-1|-1|-1|-1|-1|1
407|F223|仙涌|Xianchong|0|1|19|-1|-1|-1|-1|-1|-1|-1|-1|-1|-1|1
408|F224|石洲|Shizhou|0|1|19|-1|-1|-1|-1|-1|-1|-1|-1|-1|-1|1
409|F225|林岳西|Linyue Xi|1|2|19|463|-1|-1|-1|-1|-1|-1|-1|-1|-1|1
410|F226|林岳东|Linyue Dong|0|1|19|-1|-1|-1|-1|-1|-1|-1|-1|-1|-1|1
411|F227|广州南站|Guangzhou South Railway Station|1|4|19|16|173|566|-1|-1|-1|-1|-1|-1|-1|1
412|0|无|None|0|0|20|-1|-1|-1|-1|-1|-1|-1|-1|-1|-1|0
413|F302|顺德学院站|Shunde College Railway Station|0|1|20|-1|-1|-1|-1|-1|-1|-1|-1|-1|-1|1
414|F303|顺德欢乐海岸|Shunde OCT Harbour PLUS|0|1|20|-1|-1|-1|-1|-1|-1|-1|-1|-1|-1|1
415|F304|顺德一中|Shunde No.1 High School|0|1|20|-1|-1|-1|-1|-1|-1|-1|-1|-1|-1|1
416|F305|驹荣北路|Jurong Beilu|0|1|20|-1|-1|-1|-1|-1|-1|-1|-1|-1|-1|1
417|F306|东乐路|Dongle Lu|0|1|20|-1|-1|-1|-1|-1|-1|-1|-1|-1|-1|1
418|F307|大良钟楼|Daliang Zhonglou|0|1|20|-1|-1|-1|-1|-1|-1|-1|-1|-1|-1|1
419|F308|环市北|Huanshi bei|0|1|20|-1|-1|-1|-1|-1|-1|-1|-1|-1|-1|1
420|F309|顺德人民医院|The First People's Hospital of Shunde|0|1|20|-1|-1|-1|-1|-1|-1|-1|-1|-1|-1|1
421|F310|荔村|Licun|0|1|20|-1|-1|-1|-1|-1|-1|-1|-1|-1|-1|1
422|F311|伦教|Lunjiao|0|1|20|-1|-1|-1|-1|-1|-1|-1|-1|-1|-1|1
423|F312|广教|Guangjiao|0|1|20|-1|-1|-1|-1|-1|-1|-1|-1|-1|-1|1
424|F313|北滘公园|Beijiao Park|1|2|20|166|-1|-1|-1|-1|-1|-1|-1|-1|-1|1
425|F314|高村|Gaocun|0|1|20|-1|-1|-1|-1|-1|-1|-1|-1|-1|-1|1
426|F315|北滘西站|Beijiao West Railway Station|0|1|20|-1|-1|-1|-1|-1|-1|-1|-1|-1|-1|1
427|F316|潭洲会展|Tanzhou Convention & Exhibition Center|0|1|20|-1|-1|-1|-1|-1|-1|-1|-1|-1|-1|1
428|F317|岳步|Yuebu|0|1|20|-1|-1|-1|-1|-1|-1|-1|-1|-1|-1|1
429|F318|大墩|Dadun|0|1|20|-1|-1|-1|-1|-1|-1|-1|-1|-1|-1|1
430|F319|东平|Dongping|1|2|20|243|-1|-1|-1|-1|-1|-1|-1|-1|-1|1
431|F320|湾华|Wanhua|1|2|20|404|-1|-1|-1|-1|-1|-1|-1|-1|-1|1
432|F321|亚艺公园|Yayi Park|0|1|20|-1|-1|-1|-1|-1|-1|-1|-1|-1|-1|1
433|F322|季华六路|Jihua Liulu|0|1|20|-1|-1|-1|-1|-1|-1|-1|-1|-1|-1|1
434|F323|镇安|Zhen'an|0|1|20|-1|-1|-1|-1|-1|-1|-1|-1|-1|-1|1
435|F324|桂城|Guicheng|1|2|20|252|-1|-1|-1|-1|-1|-1|-1|-1|-1|1
436|F325|西约|Xiyue|0|1|20|-1|-1|-1|-1|-1|-1|-1|-1|-1|-1|1
437|F326|叠滘|Diejiao|0|1|20|-1|-1|-1|-1|-1|-1|-1|-1|-1|-1|1
438|F327|中山公园|Zhongshan Park|0|1|20|-1|-1|-1|-1|-1|-1|-1|-1|-1|-1|1
439|0|无|None|0|0|20|-1|-1|-1|-1|-1|-1|-1|-1|-1|-1|0
440|0|无|None|0|0|20|-1|-1|-1|-1|-1|-1|-1|-1|-1|-1|0
441|F330|联和|Lianhe|0|1|22|-1|-1|-1|-1|-1|-1|-1|-1|-1|-1|1
442|F331|孝德东|Xiaode Dong|0|1|22|-1|-1|-1|-1|-1|-1|-1|-1|-1|-1|1
443|F332|罗村|Luocun|0|1|22|-1|-1|-1|-1|-1|-1|-1|-1|-1|-1|1
444|F333|佛山西站|Foshan West Railway Station|0|1|22|-1|-1|-1|-1|-1|-1|-1|-1|-1|-1|1
445|F334|兴业东路|Xingye Donglu|0|1|22|-1|-1|-1|-1|-1|-1|-1|-1|-1|-1|1
446|F335|科盛路|Kesheng Lu|0|1|22|-1|-1|-1|-1|-1|-1|-1|-1|-1|-1|1
447|F336|博爱中路|Bo'ai Zhonglu|0|1|22|-1|-1|-1|-1|-1|-1|-1|-1|-1|-1|1
448|F337|南海大学城|Nanhai University Town|0|1|22|-1|-1|-1|-1|-1|-1|-1|-1|-1|-1|1
449|F338|佛山大学|Foshan University|0|1|22|-1|-1|-1|-1|-1|-1|-1|-1|-1|-1|1
450|TNH101|（虫雷）岗|Leigang|1|2|21|-1|-1|-1|-1|-1|254|-1|-1|-1|-1|1
451|TNH102|华翠路|Huacuilu|0|1|21|-1|-1|-1|-1|-1|-1|-1|-1|-1|-1|1
452|TNH103|夏西|Xiaxi|0|1|21|-1|-1|-1|-1|-1|-1|-1|-1|-1|-1|1
453|TNH104|夏东|Xiadong|0|1|21|-1|-1|-1|-1|-1|-1|-1|-1|-1|-1|1
454|TNH105|康怡公园|Kangyi Park|0|1|21|-1|-1|-1|-1|-1|-1|-1|-1|-1|-1|1
455|TNH106|平西|Pingxi|0|1|21|-1|-1|-1|-1|-1|-1|-1|-1|-1|-1|1
456|TNH107|平南|Pingnan|0|1|21|-1|-1|-1|-1|-1|-1|-1|-1|-1|-1|1
457|TNH108|玉器街|Yuqijie|0|1|21|-1|-1|-1|-1|-1|-1|-1|-1|-1|-1|1
458|TNH109|中区|Zhongqu|0|1|21|-1|-1|-1|-1|-1|-1|-1|-1|-1|-1|1
459|TNH110|三山新城北|Sanshanxinchengbei|0|1|21|-1|-1|-1|-1|-1|-1|-1|-1|-1|-1|1
460|TNH111|文翰湖公园（季华实验室）|Wenhanhu Park (Ji Hua Laboratory)|0|1|21|-1|-1|-1|-1|-1|-1|-1|-1|-1|-1|1
461|TNH112|三山新城南|Sanshanxinchengnan|0|1|21|-1|-1|-1|-1|-1|-1|-1|-1|-1|-1|1
462|TNH113|林岳北|Linyuebei|0|1|21|-1|-1|-1|-1|-1|-1|-1|-1|-1|-1|1
463|TNH114|林岳西|Linyuexi|1|2|21|409|-1|-1|-1|-1|-1|-1|-1|-1|-1|1
464|TNH115|林岳东|Linyuedong|0|1|21|-1|-1|-1|-1|-1|-1|-1|-1|-1|-1|1
465|1001|西塱|Xilang|1|4|23|0|259|570|-1|-1|-1|-1|-1|-1|-1|1
466|1002|花围|Huawei|0|1|23|-1|-1|-1|-1|-1|-1|-1|-1|-1|-1|1
467|1003|东沙|Dongsha|0|1|23|-1|-1|-1|-1|-1|-1|-1|-1|-1|-1|1
468|1004|大干围|Daganwei|0|1|23|-1|-1|-1|-1|-1|-1|-1|-1|-1|-1|1
469|1005|工业大道南|Gongye Avenue South|0|1|23|-1|-1|-1|-1|-1|-1|-1|-1|-1|-1|1
470|1006|东晓南|Dongxiao South|1|2|23|22|-1|-1|-1|-1|-1|-1|-1|-1|-1|1
471|1007|五凤|Wufeng|1|2|23|313|-1|-1|-1|-1|-1|-1|-1|-1|-1|1
472|1008|中大南门|Sun Yat-sen University South Gate|0|1|23|-1|-1|-1|-1|-1|-1|-1|-1|-1|-1|0
473|1009|滨江东路|Binjiang East Road|0|1|23|-1|-1|-1|-1|-1|-1|-1|-1|-1|-1|1
474|1010|东湖|Donghu|1|2|23|145|-1|-1|-1|-1|-1|-1|-1|-1|-1|1
475|1011|五羊邨|Wuyangcun|1|2|23|111|-1|-1|-1|-1|-1|-1|-1|-1|-1|1
476|1012|杨箕东|Yangji East|0|1|23|-1|-1|-1|-1|-1|-1|-1|-1|-1|-1|1
477|1013|无|None|0|0|23|-1|-1|-1|-1|-1|-1|-1|-1|-1|-1|0
478|1014|无|None|0|0|23|-1|-1|-1|-1|-1|-1|-1|-1|-1|-1|0
479|1015|无|None|0|0|23|-1|-1|-1|-1|-1|-1|-1|-1|-1|-1|0
480|1016|无|None|0|0|23|-1|-1|-1|-1|-1|-1|-1|-1|-1|-1|0
481|1017|无|None|0|0|23|-1|-1|-1|-1|-1|-1|-1|-1|-1|-1|0
482|1018|无|None|0|0|23|-1|-1|-1|-1|-1|-1|-1|-1|-1|-1|0
483|1019|无|None|0|0|23|-1|-1|-1|-1|-1|-1|-1|-1|-1|-1|0
484|1020|无|None|0|0|23|-1|-1|-1|-1|-1|-1|-1|-1|-1|-1|0
485|1021|无|None|0|0|23|-1|-1|-1|-1|-1|-1|-1|-1|-1|-1|0
486|1022|无|None|0|0|23|-1|-1|-1|-1|-1|-1|-1|-1|-1|-1|0
487|1201|浔峰岗|Xunfenggang|1|2|24|133|-1|-1|-1|-1|-1|-1|-1|-1|-1|1
488|1202|浔峰岗北|Xunfenggang North|0|1|24|-1|-1|-1|-1|-1|-1|-1|-1|-1|-1|1
489|1203|西洲|Xizhou|0|1|24|-1|-1|-1|-1|-1|-1|-1|-1|-1|-1|1
490|1204|聚龙|Julong|1|2|24|209|-1|-1|-1|-1|-1|-1|-1|-1|-1|1
491|1205|广州白云站|Guangzhou Baiyun Railway Station|0|1|24|-1|-1|-1|-1|-1|-1|-1|-1|-1|-1|1
492|1206|棠涌|Tangchong|0|1|24|-1|-1|-1|-1|-1|-1|-1|-1|-1|-1|1
493|1207|新市墟|Xinshixu|1|2|24|324|-1|-1|-1|-1|-1|-1|-1|-1|-1|1
494|1208|白云文化广场|Baiyun Culture Square|1|2|24|35|-1|-1|-1|-1|-1|-1|-1|-1|-1|1
495|1209|广州体育馆|Guangzhou Gymnasium|0|1|24|-1|-1|-1|-1|-1|-1|-1|-1|-1|-1|1
496|1210|景泰|Jingtai|0|0|0|-1|-1|-1|-1|-1|-1|-1|-1|-1|-1|0
497|1211|柯子岭|Keziling|0|0|0|-1|-1|-1|-1|-1|-1|-1|-1|-1|-1|0
498|1212|中医药大学|Guangzhou University of Chinese Medcine|0|0|0|-1|-1|-1|-1|-1|-1|-1|-1|-1|-1|0
499|1213|麓湖|Luhu|0|0|0|-1|-1|-1|-1|-1|-1|-1|-1|-1|-1|0
500|1214|建设六马路|Jianshe 6th Road|0|0|0|-1|-1|-1|-1|-1|-1|-1|-1|-1|-1|0
501|1215|烈士陵园|Matyr's Park|0|0|0|-1|-1|-1|-1|-1|-1|-1|-1|-1|-1|0
502|1216|东湖|Donghu|0|0|0|-1|-1|-1|-1|-1|-1|-1|-1|-1|-1|0
503|1217|二沙岛|Ersha Island|0|1|25|-1|-1|-1|-1|-1|-1|-1|-1|-1|-1|1
504|1218|赤岗塔|Chigang Pagoda|0|1|25|-1|-1|-1|-1|-1|-1|-1|-1|-1|-1|1
505|1219|赤岗|Chigang|0|0|0|-1|-1|-1|-1|-1|-1|-1|-1|-1|-1|0
506|1220|赤沙北|Chisha North|0|1|25|-1|-1|-1|-1|-1|-1|-1|-1|-1|-1|1
507|1221|赤沙|Chisha|1|2|25|287|-1|-1|-1|-1|-1|-1|-1|-1|-1|1
508|1222|北山|Beishan|0|1|25|-1|-1|-1|-1|-1|-1|-1|-1|-1|-1|1
509|1223|官洲|Guanzhou|1|2|25|95|-1|-1|-1|-1|-1|-1|-1|-1|-1|1
510|1224|大学城北|Higher Education Mega Center N.|1|2|25|94|-1|-1|-1|-1|-1|-1|-1|-1|-1|1
511|1225|大学城南|Higher Education Mega Center S.|1|3|25|93|181|-1|-1|-1|-1|-1|-1|-1|-1|1
512|0|无|None|0|0|0|-1|-1|-1|-1|-1|-1|-1|-1|-1|-1|0
513|0|无|None|0|0|0|-1|-1|-1|-1|-1|-1|-1|-1|-1|-1|0
514|0|无|None|0|0|0|-1|-1|-1|-1|-1|-1|-1|-1|-1|-1|0
515|0|无|None|0|0|0|-1|-1|-1|-1|-1|-1|-1|-1|-1|-1|0
516|0|无|None|0|0|0|-1|-1|-1|-1|-1|-1|-1|-1|-1|-1|0
517|0|无|None|0|0|0|-1|-1|-1|-1|-1|-1|-1|-1|-1|-1|0
518|0|无|None|0|0|0|-1|-1|-1|-1|-1|-1|-1|-1|-1|-1|0
519|0|无|None|0|0|0|-1|-1|-1|-1|-1|-1|-1|-1|-1|-1|0
520|1301|朝阳|Chaoyang|0|0|13|-1|-1|-1|-1|-1|-1|-1|-1|-1|-1|0
521|1302|庆丰|Qingfeng|0|0|13|-1|-1|-1|-1|-1|-1|-1|-1|-1|-1|0
522|1303|凰岗|Huanggang|0|0|13|-1|-1|-1|-1|-1|-1|-1|-1|-1|-1|0
523|1304|槎头|Chatou|0|0|13|-1|-1|-1|-1|-1|-1|-1|-1|-1|-1|0
524|1305|西洲|Xizhou|0|0|13|-1|-1|-1|-1|-1|-1|-1|-1|-1|-1|0
525|1306|松溪|Songxi|0|0|13|-1|-1|-1|-1|-1|-1|-1|-1|-1|-1|0
526|1307|罗冲围|Luochongwei|0|0|13|-1|-1|-1|-1|-1|-1|-1|-1|-1|-1|0
527|1308|西场|Xichang|0|0|13|-1|-1|-1|-1|-1|-1|-1|-1|-1|-1|0
528|1309|彩虹桥|Caihong Bridge|0|0|13|-1|-1|-1|-1|-1|-1|-1|-1|-1|-1|0
529|1310|纪念堂|Sun Yat-sen Memorial Hall|0|0|13|-1|-1|-1|-1|-1|-1|-1|-1|-1|-1|0
530|1311|仓边路|Cangbian Road|0|0|13|-1|-1|-1|-1|-1|-1|-1|-1|-1|-1|0
531|1312|建设六马路|Jiansheliu Road|0|0|13|-1|-1|-1|-1|-1|-1|-1|-1|-1|-1|0
532|1313|农林下路|Nonglinxia Road|0|0|13|-1|-1|-1|-1|-1|-1|-1|-1|-1|-1|0
533|1314|梅东路|Meidong Road|0|0|13|-1|-1|-1|-1|-1|-1|-1|-1|-1|-1|0
534|1315|花城广场北|Huacheng Square North|0|0|13|-1|-1|-1|-1|-1|-1|-1|-1|-1|-1|0
535|1316|冼村|Xiancun|0|0|13|-1|-1|-1|-1|-1|-1|-1|-1|-1|-1|0
536|1317|石牌南|Shipai South|0|0|13|-1|-1|-1|-1|-1|-1|-1|-1|-1|-1|0
537|1318|马场|Machang|0|0|13|-1|-1|-1|-1|-1|-1|-1|-1|-1|-1|0
538|1319|白马岗|Baimagang|0|0|13|-1|-1|-1|-1|-1|-1|-1|-1|-1|-1|0
539|1320|天河公园|Tianhe Park|1|3|13|290|351|-1|-1|-1|-1|-1|-1|-1|-1|1
540|1321|棠下|Tangxia|0|1|13|-1|-1|-1|-1|-1|-1|-1|-1|-1|-1|1
541|1322|车陂|Chebei|1|2|13|98|-1|-1|-1|-1|-1|-1|-1|-1|-1|1
542|1323|珠村|Zhucun|0|1|13|-1|-1|-1|-1|-1|-1|-1|-1|-1|-1|1
543|1324|鱼珠|Yuzhu|1|2|13|120|-1|-1|-1|-1|-1|-1|-1|-1|-1|1
544|1325|裕丰围|Yufengwei|1|2|13|185|-1|-1|-1|-1|-1|-1|-1|-1|-1|1
545|1326|双岗|Shuanggang|0|1|13|-1|-1|-1|-1|-1|-1|-1|-1|-1|-1|1
546|1327|南海神庙|Nanhai God Temple|0|1|13|-1|-1|-1|-1|-1|-1|-1|-1|-1|-1|1
547|1328|夏园|Xiayuan|1|2|13|126|-1|-1|-1|-1|-1|-1|-1|-1|-1|1
548|1329|南岗|Nangang|0|1|13|-1|-1|-1|-1|-1|-1|-1|-1|-1|-1|1
549|1330|沙村|Shacun|0|1|13|-1|-1|-1|-1|-1|-1|-1|-1|-1|-1|1
550|1331|白江|Baijiang|0|1|13|-1|-1|-1|-1|-1|-1|-1|-1|-1|-1|1
551|1332|新塘|Xintang|0|1|13|-1|-1|-1|-1|-1|-1|-1|-1|-1|-1|1
552|1333|官湖|Guanhu|0|1|13|-1|-1|-1|-1|-1|-1|-1|-1|-1|-1|1
553|1334|新沙|Xinsha|0|1|13|-1|-1|-1|-1|-1|-1|-1|-1|-1|-1|1
554|0|无|None|0|0|0|-1|-1|-1|-1|-1|-1|-1|-1|-1|-1|0
555|0|无|None|0|0|0|-1|-1|-1|-1|-1|-1|-1|-1|-1|-1|0
556|0|无|None|0|0|0|-1|-1|-1|-1|-1|-1|-1|-1|-1|-1|0
557|0|无|None|0|0|0|-1|-1|-1|-1|-1|-1|-1|-1|-1|-1|0
558|0|无|None|0|0|0|-1|-1|-1|-1|-1|-1|-1|-1|-1|-1|0
559|0|无|None|0|0|0|-1|-1|-1|-1|-1|-1|-1|-1|-1|-1|0
560|0|无|None|0|0|0|-1|-1|-1|-1|-1|-1|-1|-1|-1|-1|0
561|0|无|None|0|0|0|-1|-1|-1|-1|-1|-1|-1|-1|-1|-1|0
562|0|无|None|0|0|0|-1|-1|-1|-1|-1|-1|-1|-1|-1|-1|0
563|0|无|None|0|0|0|-1|-1|-1|-1|-1|-1|-1|-1|-1|-1|0
564|2201|番禺广场|Panyu Square|1|3|17|45|344|-1|-1|-1|-1|-1|-1|-1|-1|1
565|2202|市广路|Shiguanglu|0|1|17|-1|-1|-1|-1|-1|-1|-1|-1|-1|-1|1
566|2203|广州南站|Guangzhou South Railway Station|1|4|17|16|173|411|-1|-1|-1|-1|-1|-1|-1|1
567|2204|陈头岗|Chentougang|0|1|17|-1|-1|-1|-1|-1|-1|-1|-1|-1|-1|1
568|2205|南浦西|Nanpu West|0|1|17|-1|-1|-1|-1|-1|-1|-1|-1|-1|-1|1
569|2206|南漖|Nanjiao|0|1|17|-1|-1|-1|-1|-1|-1|-1|-1|-1|-1|1
570|2207|西塱|Xilang|1|4|17|0|259|465|-1|-1|-1|-1|-1|-1|-1|1
571|2208|芳村|Fangcun|1|3|17|3|306|-1|-1|-1|-1|-1|-1|-1|-1|1
572|2209|彩虹桥|Caihong Bridge|0|0|17|-1|-1|-1|-1|-1|-1|-1|-1|-1|-1|0
573|2210|广州火车站|Guangzhou Railway Station|0|0|17|-1|-1|-1|-1|-1|-1|-1|-1|-1|-1|0
574|2211|广州白云站|Guangzhou Baiyun Railway Station|0|0|17|-1|-1|-1|-1|-1|-1|-1|-1|-1|-1|0
575|2212|夏矛|Xiamao|0|0|17|-1|-1|-1|-1|-1|-1|-1|-1|-1|-1|0
576|2213|白云城市中心|Baiyun City Center|0|0|17|-1|-1|-1|-1|-1|-1|-1|-1|-1|-1|0
577|2214|方石|Fangshi|0|0|17|-1|-1|-1|-1|-1|-1|-1|-1|-1|-1|0
578|2215|人和|Renhe|0|0|17|-1|-1|-1|-1|-1|-1|-1|-1|-1|-1|0
579|2216|机场东（3号航站楼）|Airport E. (Terminal 3)|0|0|17|-1|-1|-1|-1|-1|-1|-1|-1|-1|-1|0
580|2217|机场南（1号航站楼）|Airport S. (Terminal 1)|0|0|17|-1|-1|-1|-1|-1|-1|-1|-1|-1|-1|0
581|2218|机场北（2号航站楼）|Airport N. (Terminal 2)|0|0|17|-1|-1|-1|-1|-1|-1|-1|-1|-1|-1|0
582|0|无|None|0|0|0|-1|-1|-1|-1|-1|-1|-1|-1|-1|-1|0